50
0 165.933
177.743 16.262
191.529 269.7
275.508 149.752
87.256 17.256
158.119 699.711
668.351 972.843
78.705 154.108
146.393 318.33
537.366 1732.17
1957.93 1226.92
669.847 1937.97
832.868 2006.98
1106.22 238.549
2567.59 1888.16
1776.17 1126.55
2750.43 2116.19
1942.62 2440.64
2004.92 27.944
3519.31 1469.86
3998.48 937.363
1643.3 3514.71
67.236 3751.88
150.431 579.929
960.397 100.675
970.491 1224.19
259.344 2458.13
2468.43 4441.63
1244.03 452.727
1629.13 3341.74
3687.33 3934.1
5874.76 5629.75
6365.62 3230.26
5670.93 35.572
4531.61 4002.49
6954.51 5127.12
6537.4 475.695
1054.05 830.327
1656.72 6033.5
366.824 5692.6
3218.65 3287.36
8054.18 2823.09
2422.24 6981.01
99.306 7626.51
6242.75 5580.35
4425.66 8216.78
838.738 5570.8
5979.69 3161.33
4887.34 4828.19
4236.66 6095.96
