100
0 65.933
77.743 16.262
191.529 69.7
275.508 149.752
87.256 17.256
158.119 199.711
68.351 372.843
78.705 154.108
146.393 318.33
537.366 832.169
957.932 226.917
669.847 837.972
832.868 806.98
1106.22 238.549
1167.59 488.164
276.169 1126.55
1150.43 516.19
242.624 740.635
204.92 27.944
1619.31 1469.86
1998.48 937.363
1643.3 1414.71
67.236 1551.88
150.431 579.929
960.397 100.675
970.491 1224.19
259.344 2458.13
2468.43 1741.63
1244.03 452.727
1629.13 441.743
687.334 934.104
2774.76 2529.75
3165.62 30.256
2370.93 35.572
1131.61 602.49
3454.51 1627.12
2937.41 475.695
1054.05 830.327
1656.72 2233.5
366.824 1792.6
3218.65 3287.36
3954.18 2823.09
2422.24 2781.01
99.306 3326.51
1842.75 1180.35
4425.66 3716.78
838.738 970.801
1279.69 3161.33
87.337 28.195
4236.66 1195.96
1082.01 2299.43
4540.04 2287.11
600.968 2006.21
5059 2834.51
4682.48 3684.66
2886.57 2983.33
2800.81 984.847
3070.56 3013.2
5103.62 5748.44
1160.93 5398.02
3998.49 5570.15
369.187 4009.91
124.179 1026.99
771.75 3611.75
6364.91 1895.56
6431.13 3962.27
4843.55 3818.52
2504.83 6559.14
3725.56 1377.68
3754.73 4738.5
1550.6 1320.41
3584.89 7013.99
4939.24 6717.09
7040.09 977.188
4742.72 2483.21
1458.75 5832.39
6015.71 4279.21
4995.89 6858.67
5783.1 3123.47
3871.9 3607.67
4375.1 4796.18
1440.95 1884.37
8151.79 7159.3
2827.41 7921.9
7312.11 905.4
3658 3450.14
7498.59 1591.86
697.047 3743.92
4285.73 2321.16
5275.39 2635.22
7316.4 5043.41
7604.06 4281.68
8969.87 7443.06
4115.01 4583.6
7989.27 8489.36
50.47 7636.52
4626.72 2976.09
3549.11 2294.32
9203.13 8247.66
7818.73 1193.99
