500
0 5.933
17.743 16.262
31.529 29.7
35.508 29.752
7.256 17.256
58.119 99.711
68.351 12.843
78.705 14.108
146.393 158.33
177.366 112.169
157.932 26.917
9.847 177.972
112.868 86.98
66.223 238.549
47.592 208.164
276.169 226.551
190.427 196.19
242.624 60.635
204.92 27.944
99.31 329.862
398.484 137.363
383.301 154.71
67.236 231.876
150.431 119.929
0.397 100.675
470.491 224.19
259.344 378.134
308.425 121.629
124.03 452.727
469.126 441.743
87.334 334.104
294.76 49.749
605.62 30.256
390.932 35.572
451.613 602.49
654.509 227.119
57.405 475.695
314.049 90.327
136.719 713.497
366.824 232.596
18.649 87.356
674.184 363.093
742.245 261.007
99.306 746.509
82.754 300.352
825.665 116.783
838.738 50.801
339.69 341.33
87.337 28.195
316.656 215.963
82.011 299.427
460.042 247.106
600.968 966.212
819.001 714.51
362.48 444.658
686.571 783.331
560.814 984.847
790.564 733.197
463.625 1108.44
1160.93 678.018
398.487 770.151
369.187 349.913
124.179 1026.99
771.75 1091.75
1244.91 615.562
1231.13 62.273
883.547 1178.52
1164.83 1199.14
1005.56 17.678
994.726 598.503
150.597 1320.41
744.893 1333.99
619.238 957.085
1200.09 977.188
302.72 1003.21
1458.75 1332.39
1455.71 1239.21
375.887 698.668
1103.1 3.473
711.9 447.674
1175.11 1596.18
1440.95 264.37
1591.79 599.302
1167.41 1281.9
592.11 905.4
257.996 50.142
618.585 1591.86
697.047 263.924
765.731 561.158
1715.39 855.219
116.4 1443.41
324.055 641.682
1609.87 83.061
395.006 863.602
469.268 969.365
50.47 36.518
786.723 1056.09
1609.11 354.319
1363.13 407.655
1878.73 1193.99
559.974 1127.6
1708.81 1803.67
645.055 588.73
1896.1 1998.24
310.705 587.694
1122.95 359.873
1248.35 534.474
1500.76 1620.74
2086.76 1555.64
1043.14 1331.64
183.737 1084.68
856.135 281.149
1261.53 27.21
226.607 2044.42
1335.26 1713.79
709.373 407.626
147.445 1484.11
79.172 2033.6
907.153 1935.05
1505.18 261.717
514.655 446.017
2149.18 2053.08
2038.78 2115.4
2390.65 1632.73
1703 202.161
405.455 1708.87
2048.32 1455.69
479.381 1857.93
1607.48 1766.6
1753.39 1121.36
1276.21 1641.95
1836.08 293.702
421.365 2074.45
2183.73 459.836
368.432 2494.56
1223.02 2635.11
703.583 1534.91
2608.47 1088.12
1711.55 1511.72
25.528 1528.07
880.107 1978.26
2298.52 1082.35
2816.53 1648.15
796.43 653.477
1815.05 2846.52
2531.2 2183.41
220.81 2555.72
1307.92 98.298
212.131 1331.7
946.709 1950.75
1305.02 2512.82
2128.65 573.924
2694.7 2180.47
181.153 2884.62
1510.98 315.616
501.142 2946.6
797.088 1381.73
31.917 2064.4
2612.74 720.395
2382.75 1234.41
2755.94 974.302
1783.77 2846.05
2871.56 2590.34
773.398 2564.9
2453.05 1967.81
451.767 1705
3178.98 360.65
1367.81 1922.33
2092.36 2450.72
745.161 2172.29
563.209 2123.75
86.098 1765.13
1219.63 1214.54
2951.89 514.088
1019.03 2140.69
1920.4 1468.67
3212.29 3095.69
1291.16 1771.95
3318.76 2617.74
3462.46 2400.84
2417.05 3065.94
2236.23 1230.21
1267.39 3227.21
2170.39 1059.75
3260.24 1773.5
2962.27 776.516
537.564 530.277
1046.91 2870.01
1560.61 2987.21
372.782 3063.09
423.123 2759.2
3668.32 2994
1631.44 2552.6
2788.8 1023.36
2051.39 694.273
1456.58 2849.91
871.759 3426.63
431.896 3678.86
907.763 1346.36
643.577 470.484
877.747 3507.16
15.948 523.605
1095.45 576.194
2043.36 1273.43
1284.32 3605.88
1621.02 3461.45
260.202 1550.85
3888.88 2486.05
1591.79 3919.59
3569.3 2689.13
51.558 3694.84
2816.41 624.567
1371.73 1518.51
1468.39 1647
488.992 1371.12
1253.4 651.718
9.868 731.975
2660.58 402.119
3791.36 3234.6
2185.38 3267.92
2831.47 1743.84
3644.23 836.43
4357.41 833.155
2994.57 2710.31
1976.18 1960.8
85.3 3964.22
730.903 3161.99
4081.05 3063.73
2532.48 2255.91
1306.03 1041.04
4279.9 1241.29
1888.66 4231.38
2230.68 3709.55
846.506 870.757
4016.53 2709.58
3724.64 2943.87
3184.85 2181.93
3560.66 3568.49
2272.62 314.732
1531.61 4148.11
301.185 2656.65
1341.23 1319.43
4140.06 4739.18
4571.11 191.742
3489.37 3530.6
2604.67 4898.87
3794.61 4530.48
3212.67 1546.98
488.717 285.481
4648.68 2963.79
2991.78 2083
595.046 3031.83
238.468 494.858
4010.23 2798.18
4138.67 1659.47
4806.25 2803.7
1643.46 1590.92
152.511 4340.89
3163.65 4125.96
728.831 4702.92
1311.51 3697.09
26.232 3742.22
2800.22 2368.04
2338.61 2747.45
668.522 4481.73
4741.98 1975.15
21.517 3321.42
4061.4 3698.7
4351.94 459.35
1831.04 1677.83
1931.13 833.964
5263.43 2464.16
1154.78 303.404
2884.16 2716.87
5417.26 1913.62
3555.82 5358.83
2953.78 872.224
1580.23 4207.6
2188.45 545.037
3124.84 5006.62
2721.38 4390.42
3778.57 3568.69
3629.9 3426.82
4577.08 1817.97
4718.8 1507.06
1916.67 328.228
3220.4 3762.68
1594.28 900.382
334.976 711.261
86.327 1471.49
4713.28 3970.07
4436.76 3017.34
1148.7 4327.03
989.805 2302.32
811.875 5038.94
4082.32 260.757
2773.44 3633.29
5914.77 5904.53
990.856 4159.87
3518.06 1512.57
1134.48 2486.27
5114.34 4651.41
3003.21 113.746
2853.28 812.97
117.81 605.884
3495.14 1704.6
3417.21 4147.07
2807.17 5279.38
3165.01 5223.31
5728.95 5086.72
538.357 956.218
939.854 4430.99
279.853 2345.24
5648.45 5328.98
6152.71 1673.97
4118.82 5614.64
4396.33 4255.78
3296.49 2502.27
6064.24 4357.53
5346.95 5229.14
4048.98 3264.28
1991.68 2239.01
5286.6 1786.09
1425.53 5961.65
5927.42 604.213
1027.89 602.625
3513.89 4161.4
1102.58 6080.72
6039.85 6389.84
3600.51 3228.89
5396.42 527.279
3105.58 691.94
910.866 2535.55
67.8 3367.16
2321.92 116.278
3973.05 2577.24
5368.76 6117.9
2555.18 3087.27
2406.82 6177.99
3510.43 4109.1
6223.13 1119.24
2006.18 6266.19
2362.64 4563.8
489.704 5051.85
3151.58 6361.19
5482.1 3470.29
1856.78 467.337
2073.29 1234.62
3704.51 1290.89
5434.06 4964.45
6380.55 6989.89
608.583 2084.78
927.175 3712.09
6652.81 2222.35
6475.6 5529.1
407.569 1090.27
5575.17 2577.24
3106.2 822.483
4197.14 1218.59
5467.1 2254.94
5797.35 1559.59
6253.9 6704.19
4149.15 6777.52
2561.09 6072.54
3129.67 4966.34
5230.76 3882.7
1121.7 6340.98
7102.12 4344.08
3679.78 6664.35
1131.7 2862.79
2255.68 385.459
4853.96 3149.53
5477.52 2460.97
4915.3 5448.15
3478.92 225.608
7149.33 5443.85
5010.28 6556.93
6836.47 3281.04
3214.64 2258.3
4102.64 4970.02
6135.26 428.369
3201.26 2254.32
3757.88 3754.18
1057.71 4510.74
3569.36 456.123
1077.92 2589.34
1311.1 1580.75
6364.81 3616.27
6912.33 7019.48
49.12 6170.91
132.214 4001.68
969.07 5129.28
1475.76 6637.38
6296.27 825.614
5307.74 918.063
3283.33 4232.04
1284.88 3191.72
2809.06 7786.91
709.418 564.961
3258.47 6038.81
4644.77 2014.82
1244.84 5945.07
4862.51 6619.8
802.322 2207.14
7809.92 6361.24
8090.83 624.347
5535.73 5667.28
5790.31 447.009
6114.61 5899.44
4439.82 4690.21
8048.15 4026.6
4336.07 2258.29
2155.49 5596.55
890.055 4612.2
5782.63 4775.67
7757.63 155.252
539.811 355.25
5877.97 5083.65
5013.39 1003.09
4565.77 1783.56
6232.02 6475.96
2180.35 2232.82
6808.17 69.783
1904.72 7943.41
8348.01 6406.89
8408.26 474.263
7937.29 386.249
4099.9 3715.88
7201.91 919.049
6127.02 883.449
4472.85 542.564
3464.74 6468.06
4498.8 3624.07
8184.64 3711.71
8173.06 5106.55
6988.17 1020.98
781.152 1948.83
6033.4 5369.35
7466.09 2676.26
3353.51 1348.3
6212 3770.47
5797.82 8498.88
5577.13 8082.98
4082.84 3342.09
4585.72 8465.05
4526.42 2398.13
6085.73 1710.58
4169.54 8399.18
1778.57 4138.05
7145.04 3333.91
7926.31 2118.29
1881.89 4196.22
8567.79 2588.02
5227.55 1307.76
4741.52 8848.02
8695.94 5804.45
9072.1 558.386
3301.22 8151.81
2166.22 3970.69
7332.42 3853.55
3290.48 6942.62
7210.05 7113.89
2675.44 5673.56
6423.9 6419.54
2651.08 400.917
5388.23 2775.61
6246.61 2915.72
8399.39 3496.91
8509.17 26.306
505.653 4523.64
5418.4 7367.24
2399.21 8133.9
8956.12 1546.58
9377.28 7236.58
1801.37 6102.16
3212.67 8157.4
1600.35 3061.94
1323.27 124.838
2774.17 8926.73
280.852 1028.03
1891.98 2087.86
7997.3 753.201
6503.94 1476
5652.31 948.884
231.873 8560.26
9193.32 3015.14
2183.48 5314.67
1240.44 9423.03
3989.41 7762.57
6255.47 5048.56
7643.14 5554.45
6457.29 4468.55
4918.7 3557.29
3206.36 9275.68
3744.71 2951.86
1991.07 7636.27
4304.23 8307.4
200.426 8043.56
3922.29 4441.3
6610.72 6303.92
