1500
0 0.791
6.291 3.296
7.981 10.017
15.508 9.752
14.212 8.85
9.574 1.188
28.351 12.843
41.839 44.19
40.867 10.512
57.366 52.169
35.498 45.649
13.1 38.064
32.868 6.98
66.751 79.397
48.351 28.224
76.169 26.551
91.897 101.976
20.153 63.132
84.92 27.944
109.808 87.256
0.134 7.232
103.301 14.71
75.096 94.406
150.741 123.93
0.397 100.675
141.841 64.948
87.901 34.772
128.425 121.629
125.454 80.055
84.822 55.942
87.334 134.104
92.492 52.667
182.153 30.961
170.932 35.572
3.693 152.828
190.012 227.996
57.405 235.695
72.365 94.209
137.971 206.988
106.824 232.596
19.197 88.964
130.007 91.503
182.245 261.007
102.806 175.053
84.251 9.125
225.665 116.783
226.686 51.673
27.513 29.3
87.337 28.195
316.924 218.375
83.222 300.579
120.042 247.106
255.442 274.292
113.834 9.796
2.48 84.658
322.089 51.843
189.343 239.396
30.564 353.197
78.217 335.114
375.6 285.759
398.487 370.151
370.267 349.959
125.909 201.254
351.75 251.75
391.589 190.408
365.667 62.776
3.547 298.521
272.54 306.196
100.338 19.069
74.726 138.503
152.219 390.016
271.927 387.936
139.238 477.085
228.849 4.146
303.723 17.796
458.746 332.387
445.114 226.161
376.48 186.589
63.103 3.473
187.718 448.718
109.501 529.639
360.952 264.37
500.863 54.244
61.01 175.378
32.11 345.4
259.31 51.636
45.526 445.974
117.047 263.924
179.449 563.16
529.702 262.242
116.4 243.415
324.903 35.74
383.237 83.92
395.006 243.602
469.856 343.787
50.58 36.827
146.723 416.089
316.116 355.541
57.373 407.809
558.732 533.993
561.156 461.969
362.993 457.008
645.055 588.73
522.975 626.465
311.064 588.451
422.948 359.873
542.015 536.464
74.737 194.209
646.756 115.644
316.629 606.154
184.647 351.757
116.135 281.149
515.901 28.28
227.523 538.194
575.255 193.787
710.401 407.808
147.503 711.124
79.172 473.595
121.431 362.305
712.7 261.972
514.655 446.017
536.3 441.313
412.115 489.068
750.654 812.728
50.178 202.933
405.894 42.404
368.316 615.694
479.483 165.468
754.592 59.969
33.386 261.359
410.065 775.916
89.954 294.436
421.365 314.453
411.044 460.642
368.967 708.152
323.017 835.107
704.381 629.142
782.276 175.252
791.546 591.719
26.358 601.443
880.426 111.779
418.52 142.353
924.644 702.26
797.121 653.954
855.048 926.52
598.864 251.536
220.868 609.262
327.925 98.298
212.175 346.101
947.17 957.659
305.022 512.817
116.562 574.314
668.635 153.972
181.153 844.625
485.38 316.392
501.222 880.305
797.088 341.732
32.857 1019.03
506.665 720.851
262.749 174.407
622.842 975.176
710.489 699.635
711.563 430.34
773.5 391.84
266.932 874.568
451.767 604.997
966.896 360.792
255.07 809.043
972.36 210.716
745.689 1046.16
563.527 990.858
86.098 625.13
73.776 68.183
645.28 514.649
1019.03 980.692
754.491 302.974
865.801 749.518
111.165 591.949
946.297 244.743
1075.91 14.275
17.048 665.943
1030.34 24.195
54.611 800.55
950.388 1059.75
807.509 547.651
496.074 776.556
537.564 530.277
1047.53 376.715
307.379 480.839
372.782 543.092
423.757 226.545
1122.11 447.825
351.437 1272.6
215.668 1024.26
758.147 694.662
156.575 249.906
872.043 814.242
431.924 1052.68
907.763 26.358
643.833 471.516
878.071 840.512
15.948 523.605
1095.88 576.616
690.369 1273.69
1284.32 885.883
254.65 728.753
260.525 177.948
1128.88 1106.05
206.032 1146.64
783.139 1296.28
51.558 894.842
3.154 625.239
1372.07 105.343
48.391 227
489.042 1371.63
1253.42 652.009
9.868 731.975
1214.71 402.523
885.136 328.319
725.379 347.916
1365.42 277.692
697.942 836.799
1397.41 833.155
21.349 1224.11
483.204 467.644
85.3 964.216
731.349 149.115
1054.62 37.162
1012.48 735.905
1306.57 1041.14
1213.53 1241.39
348.657 1151.38
684.228 616.516
846.902 870.771
896.529 1149.58
591.875 1377.42
38.422 608.968
400.66 408.49
686.638 315.194
1531.74 961.841
301.185 1056.65
1341.31 1320.03
913.573 1512.9
1331.11 191.742
236.056 277.502
971.62 1632.35
514.605 1250.48
1566.77 1547.38
488.777 285.912
1328.68 1303.79
1325.96 416.836
595.181 1358.72
238.468 494.858
637.494 1111.64
752.346 1659.7
1406.25 1103.7
1643.66 1591
152.927 914.394
1443.65 685.957
729.397 1249.94
1311.77 230.457
26.232 262.22
1053.65 622.026
585.598 994.5
668.522 961.728
1209.16 208.706
21.806 1548.37
501.402 138.704
778.748 460.044
38.054 1678.13
131.128 833.964
1650.87 658.277
1155.02 303.696
1064.16 896.873
1763.94 87.3
1722.68 1692.51
1113.78 872.224
1580.27 514.878
335.238 545.138
1264.84 1286.62
855.235 657.549
32.112 1695.51
1749.9 1546.82
804.244 1818.3
932.286 1507.38
16.674 328.228
1313.89 1856.67
1594.63 900.714
334.976 711.261
86.587 1471.55
846.624 103.412
556.761 1077.34
1149.34 434.079
989.887 349.348
811.875 1118.94
149.06 261.417
800.408 1660.06
1954.77 1944.53
991.304 186.804
1525.03 1512.92
1134.48 486.267
1101.07 638.139
990.056 113.827
833.278 812.97
118.13 606.576
1461.87 1704.75
1377.21 67.071
760.642 1186.08
1111.87 1116.79
1608.95 966.717
538.835 956.38
940.002 284.414
279.853 265.239
1475.66 1156.04
1966.18 1674.19
2018.82 1414.64
183.184 43.123
1183.17 389.156
1824.24 117.531
1093.84 976.469
1915.84 1130.99
1991.68 99.015
993.91 1786.17
1425.61 1655.03
1607.42 604.213
1027.91 603.195
1340.82 1988.07
1102.58 1720.71
1666.73 2016.9
1407.34 1035.71
996.422 527.279
899.076 692.086
911.037 322.425
67.8 1147.16
95.494 116.626
1739.96 344.03
888.757 1637.9
308.903 840.867
153.779 1671.56
1250.43 1849.1
1689.84 1119.72
2006.27 1719.7
82.635 3.802
489.762 478.57
858.366 1774.6
882.095 1170.29
1857.32 467.655
2073.5 1234.82
1384.52 1290.89
780.737 311.559
1713.94 2323.49
608.583 2084.78
927.291 1365.88
1946.35 2222.47
1755.6 809.097
407.861 1090.68
828.504 204.182
726.198 822.483
1810.87 1218.95
680.681 2255.01
997.353 1559.59
1440.72 1891.33
1735.86 1951
141.09 1232.54
703.421 113.388
364.271 1449.58
1121.7 1460.98
2209.11 1897.78
1226.68 1757.89
1131.7 402.794
2255.68 386.025
2380.72 676.451
517.52 2460.97
2428.87 475.27
985.772 225.672
2149.33 443.845
2504 1544.01
1810.04 767.765
694.645 2258.3
1576.24 2443.57
1068.65 428.411
661.259 2254.32
1211.45 1207.88
1057.78 1957.46
1009.36 456.123
1078.31 22.945
1311.24 1580.76
1204.81 1036.27
1739.18 1846.5
49.326 984.354
132.214 1401.68
969.37 2522.66
1476.03 1410.97
1056.27 825.614
54.73 918.337
650.083 1598.74
1284.88 551.723
162.459 2494.11
709.598 565.099
598.472 718.811
1978.45 2015.14
1244.93 598.477
2182.51 1259.8
802.422 2207.24
2423.39 974.731
2690.83 624.347
122.85 254.328
363.903 447.176
674.613 459.437
1713.16 1963.6
2581.57 1293.49
1596.07 2258.29
2155.79 103.719
890.147 1859.06
262.629 2015.67
2224.7 155.48
539.855 355.476
317.97 2303.64
2226.84 1003.47
1772.57 1783.58
632.017 875.958
2180.79 2232.89
1181.75 69.981
1904.72 2303.41
2694.74 753.888
2741.64 474.308
2257.29 386.249
1253.43 869.396
1495.35 919.294
407.023 883.449
1606.41 543.038
591.513 721.487
1618.8 744.073
2411.56 825.485
2386.61 2213.39
1188.17 1020.98
781.412 1949.04
206.918 2456.24
1626.09 2676.26
426.91 1348.53
345.415 837.193
2857.82 2618.88
2630.73 2189.88
1129.73 388.975
1625.72 2545.05
1560.15 2398.43
139.222 1710.62
1189.54 2439.18
1778.85 1151.71
1158.53 340.575
1926.31 2118.29
1882.27 1189.99
2541.28 2588.13
2207.55 1307.76
1715.26 2794.83
2629.47 2771.33
2992.1 558.386
254.632 2058.8
2166.4 917.437
1212.42 793.547
224.255 809.368
1063.6 967.337
2675.44 2593.56
250.845 246.223
2651.3 401
2288.23 2775.61
33.46 2915.78
2172.92 383.696
2269.17 26.306
505.965 1397.14
2285.14 1100.6
2399.21 1853.9
2663.09 1546.8
3070.65 930.11
1801.37 2942.16
46.32 1824.25
1600.44 3062.11
1323.27 124.838
2774.43 2553.84
280.935 1028.25
1891.98 2087.86
1584.13 753.499
77.445 1476.16
2432.31 948.884
232.209 2107.27
2726.75 3015.24
2183.48 2074.67
1240.73 2929.86
736.145 1255.92
2995.47 1788.56
1109.94 2287.79
3184.06 1195.32
1638.7 277.291
3206.43 2702.64
451.5 2951.86
1991.07 1036.27
997.689 1694.12
200.559 1417
602.287 1121.3
3284.07 2977.48
914.025 3132.71
291.453 1275.52
2095.11 1105.36
1032.36 1466.98
491.959 639.106
688.329 1111.28
1565.8 2370.09
1467.98 2741.49
1981.51 1458.81
1560.52 2246.82
2996.79 2350.7
300.106 1284.18
2862.61 2427.02
2388.92 2058.98
2698.7 1996.2
1269.14 2413.53
68.194 3113.36
2324.85 1557.36
1975.04 705.403
1642.5 603.523
862.204 913.822
3079.49 2447.13
3020.27 80.152
2755.18 605.842
935.508 1891.87
1656.69 3173.57
1921.87 3289.22
156.71 1918.05
1824.12 2488.28
762.844 2402.49
2253.64 2947.53
2478.37 2634.01
2934.14 1874.1
1641.86 261.346
2216.28 2244.77
2500.75 3490.41
1949.62 304.729
2050.9 3048.35
2774.3 1711.92
2754.78 1346.04
2002.82 2435.41
3600.7 2991.21
1052.6 1596.95
3588.5 907.717
3624.55 2820.6
2636.7 392.326
547.453 2511.55
3524.31 706.219
1673.11 1478.09
1237.9 409.734
3535.99 1355.72
3333.79 3081.13
2565.16 2163.33
850.22 2586.05
3082.06 2802.76
304.602 1971.56
3034.02 2693.47
2915.22 2845.27
3221.95 613.251
2291.15 91.501
412.317 3106.98
1421.13 472.22
1423.14 915.417
2293.07 2785.4
245.567 165.243
2187.31 2699.75
192.734 2733.91
2459.02 3610.35
2943.76 1526.93
23.001 1859.01
2449.44 1962.63
2667.85 226.223
2136.35 1963.33
3777.26 599.247
2576.28 2656.09
2104.25 1804.94
2925.1 519.421
907.065 3261.92
218.228 2640.65
1135.12 2286.59
1298.23 845.927
3007.61 3179.82
998.031 370.886
3730.64 1356.04
3846.17 2907.07
3340.84 1889.63
3702.46 2011.11
1005.18 2408.94
1864.65 488.08
3841.65 3659.12
2929.29 2671.5
2755.22 1947.21
344.264 2262.23
3581.62 2418.58
897.454 1158.18
2613.28 3920.69
3844.67 2673.72
3397.24 934.215
3443.16 2497.23
2117.07 2019.1
2490.66 2762.44
3930.85 2499.35
44.036 3565.91
523.235 3399.09
1777.89 3959.98
383.819 3474.21
2053.82 125.092
1933.99 2239.09
1615.11 3408.88
1543.12 795.375
2036.33 1958.74
3036.36 2849.48
3236.83 991.135
3378.43 1323.05
310.382 3538.07
12.592 2461.31
2214.36 3076.45
3668.16 1883.32
2587.41 3897.51
2054.43 3941.14
3785.22 997.608
39.946 3069.49
3324.89 2643.7
2386.54 1992.91
3093.67 3795.46
440.395 2300.02
2405.18 2861.03
806.487 1938.43
3583.77 347.335
763.85 1111.75
2886.96 2197.03
1914.77 4112.51
1049.13 255.528
3978.49 3641.78
3286.45 3352.82
792.677 63.779
1601.78 2105.69
849.689 2860.84
3392.73 3304.24
3826.77 258.31
4144.69 2507.5
4156.16 193.743
1262.81 2222.02
377.502 1764.97
3615.53 3504.89
3667.19 2840.93
2576.53 2772.44
3842.27 0.855
2203.81 847.728
234.455 4043.07
4240.23 38.354
1370.04 350.255
1474.46 3788.76
2369.44 3216.06
4268.8 2975
985.064 83.392
493.474 152.606
2459.38 2486.91
1624.59 2605.35
2240.39 2336.42
3804.48 3135.26
352.624 637.736
1679.74 2891.96
1366.1 4330.82
2418.93 944.161
2897.96 1335.31
2475.2 2280.49
2380.33 26.458
212.803 3754.01
4353.19 4230.61
3242.05 3016.18
2861.03 3609.43
297.705 4368.04
2562.36 2752.54
1354.53 3392.9
2377.57 1588.54
804.98 3662.95
3141.48 1998.12
245.901 3268.1
721.268 2535.2
3958.21 3375.85
4463.35 1577
1426.92 832.565
1743.78 773.033
2737.64 256.416
1911.25 314.662
1245.03 2101.26
4120.31 271.294
469.084 3541.65
4488.61 1294.31
1034.79 767.694
1702.5 2234.57
1003.51 2273.02
469.677 2751
210.052 205.73
4451.96 2630.33
824.972 4036.27
2577.7 2681.78
1700.52 1163.8
2809.42 3689.29
932.927 4361.96
3797.25 757.936
3452 1977.08
4146.68 2958.62
3660.99 720.894
3760.48 101.816
2817.85 418.38
1804.24 4416.2
716.797 579.743
1206.24 2743.4
2082.97 3226.52
3262.53 2310.72
3333.7 0.89
2700.47 357.298
280.311 4389.05
762.357 4465.23
619.401 396.901
4209.35 1482.83
25.208 369.95
2087.54 4372.03
2635.87 2031.3
198.719 457.578
244.864 4263.81
4605.25 6.697
3511.87 2664.75
3784.33 531.915
2877.32 2845.39
3162.55 4447.81
1580.75 4427.73
4044.8 4333.88
75.933 587.128
3700.79 1606.98
2232.35 4362.15
4209.78 99.777
779.54 3170.62
1449.63 1038.75
641.74 3602.2
2367.01 629.727
697.011 2183.97
1389.11 1382.84
285.692 2614.33
1563.49 2416.4
2120.34 4699.67
2037.97 501.705
2702.17 1810.06
4853.7 2090.34
2173.77 2374.86
4290.89 4163.39
3503.43 1392.29
2587.76 4989.79
4496.33 4937.46
1877.81 1127.4
700.676 423.662
4608.55 1999.25
940.283 3538.83
1779.03 2896.33
1091.93 1578.83
1028.5 1449.42
2236.45 1237.99
4965.11 3763.39
1727.91 4543.25
2507.5 965.231
1045.4 4070.83
1151.27 1852.92
4214.38 2243.95
3131.55 202.439
217.656 2297.59
3145.83 4192.5
3230.72 1133.69
3784.6 1655.68
2442.12 4022.23
387.647 4833.45
4410.65 749.235
1082.66 1272.48
2032.48 476.241
1166.43 467.364
2907.53 99.593
2838.9 4079.57
1722.54 1363.75
2992.45 472.757
355.198 4677.01
4263.49 156.403
2177.12 10.463
4712.45 3330.24
3385.68 147.633
3445.16 2458.73
3964.64 4400.43
2908.7 1762.18
3516.05 3163.67
4692.8 3205.74
4781.21 452.215
5084.73 645.469
1664.22 3047.07
5016.18 2613.23
1681.49 4638.01
2607.57 661.786
3840.36 2421.72
2491.51 3524.23
2226.67 4239.04
3969.43 3440.14
1932.97 5063.95
1852.23 1332.29
2322.64 1106.97
2946.75 4501.27
4486.07 2543.93
1564.75 2609.82
3332.21 2750.71
4036.88 190.201
473.481 4549.21
1272.99 5053.39
675.772 2998.18
3253.5 4224.31
2642.22 4493.02
498.36 1292.25
2309.18 5154.66
3084.38 4701.25
199.587 2883.45
3329.12 1601.44
519.569 4317.87
3411.82 33.769
3869.09 1983.02
3605.57 3903.75
3641.9 1570.59
1576.93 4025.84
5120.66 4556.88
248.822 3416.89
4638.38 2148.69
3949.38 2346.46
4480.88 5244.36
2937.35 4342.64
3491.22 3921.56
1810.11 5107.39
260.647 4069.41
86.887 758.509
4548.02 1883.13
202.494 4941.46
2660.58 379.438
1096.15 3892.7
2468.16 1795.5
2339.66 4215.25
1966.05 1405.86
5205.46 519.475
1811.42 3072.11
2858.8 123.842
4813.14 3382.21
1067.32 2028.42
4770.67 799.17
2010.59 1540.95
4793.07 1896.78
3654.71 452.107
11.596 1836.44
3813.57 1239.19
1655.8 4852.7
2543.87 2374.01
5553.17 4707.08
5139.71 2563.53
3592.45 5449.13
3661.83 2214.47
1995.66 1992.59
1721.13 5507.83
5278.14 1678.09
2506.51 895.761
2906.19 4478.02
5251.31 3564.43
5002.77 1607.46
4327.79 4851.09
1445.58 1413.88
2335.46 5556.82
3793.4 3386.49
2775.2 5616.89
1247.7 3919.04
3252.62 4718.07
2198.99 1536.14
220.525 3671.42
3822.43 2914.1
4816.4 3648.71
5732.8 996.57
605.109 1687.29
4832.56 4433.04
3581.01 4300.33
1177.22 4040.6
5103.9 3856.27
3848.87 3449.33
693.368 2574.77
57.17 433.097
5576.49 921.364
1440.86 1684.86
3202.92 817.777
5826.32 3937.65
535.277 3561.49
2308.13 470.894
2818.41 3479.36
1699.31 1354.73
1476.92 3693.41
3504.84 1959.7
4200.6 4548.5
1918.77 3868.97
3339.82 4811.04
5969.89 5299.76
2310.87 3895.74
5123.47 3981.41
1867.56 1860.41
4648.02 4187.26
5278.03 3151.62
156.36 2042.6
3823.02 1249.05
4653.59 2307.59
3481.04 2632.92
708.24 2635.97
3457.24 2332.85
556.868 3767.29
4752.74 2231.44
5104.74 2519.99
2100.18 5990.92
1039.96 3543.72
3356.63 3663.95
4870.29 3967.08
2030.49 3811.35
5259.4 1241.55
2535.45 3013.47
1811.31 3856.9
189.418 3840.31
4327.42 2777.63
3719.26 2927.52
4318.37 1646.23
3394.08 2608.95
5199.88 3619.05
2316.34 4967.09
1772.19 3509.91
1626.86 3855.93
537.37 3390.4
1819.49 5413.95
5888.15 5094.85
3815.4 4794.4
79.465 417.609
935.89 1882.19
1370.25 4878.91
419.045 295.505
5879.92 2043.41
2155.39 4642.65
2882.99 593.71
5037.17 3099.68
3285.92 4291.55
1810.81 555.757
5280.75 5946.08
5879.82 6072.54
95.883 588.268
1069.31 1341.15
1388.03 5269.74
4266.81 5876.39
919.865 6317.19
4540.74 2053.76
4598.28 6334.96
3544.07 2593.07
147.377 1832.19
574.313 3916.89
4098.91 5743.36
5434.37 2501.67
1774.94 3220.74
1827.36 4325.82
2384.44 1274.49
2957.47 5298.71
4253.38 739.272
2731.08 5247.86
4261.4 3218.87
62.141 5609.72
1013.42 1848.92
1043.17 1978.61
5069.28 4595.28
4119.91 5798.55
215.053 2964.78
4427.44 5575.53
5637.32 4894.03
4550.14 1205.24
733.219 6369.8
1018.18 5720.7
1993.68 2290.97
4647.46 3479.19
3215.32 5583.98
5146.65 4592.57
2715.36 219.403
727.12 1043.43
4189.56 2351.11
1329.44 2168.06
641.699 4857.29
1213.23 6366.93
987.107 5158.85
6390.51 3423.06
1458.03 3849.1
2947.11 2953.69
5707 4291.53
5305.1 890.021
3114.33 1394.62
1408.81 4376.38
5446.71 4543.53
4975.19 3528.09
4440.38 4065.94
1011.49 4162.76
5426.48 2760.59
6065.95 1679.08
5816.49 3360.04
4101.26 499.239
5313.61 1112.9
563.946 4544.64
2842.1 2596.04
4672.62 4540.42
5165.12 1178.62
2893.51 1437.67
1777.87 5806.37
6100.58 6707.54
4018.81 2510.27
1503.65 4047.86
2547 590.706
1939.28 4628.65
1556.01 1391.79
450.333 540.797
2228.99 838.482
1582.11 5518.24
391.975 3653.64
5907.75 1968.19
1099.81 3549.31
5548.22 3614.4
5792.05 3756.89
37.026 5459.15
4830.02 2462.73
6379.01 3947
1269.1 3176.58
2579.98 5971.54
185.346 3021.73
6505.31 5603.98
6103.1 5754.47
3533.83 2650.48
1635.75 2515.38
6173.22 2617.95
4432.42 2132.57
3017.77 6314.87
5311.09 6572.21
2893.61 3226.33
5810.39 2924.78
1507.7 2220.99
5104.41 4149.1
3516.55 3566.49
4620.06 1102.24
4066.67 5118.65
5766.61 216.142
4688.3 6536.22
3156.92 4478.83
2666.23 3546.92
2512.49 4683.45
2605.52 2708.23
4349.08 4741.17
3207.76 4631.48
733.692 5898.22
895.997 3606.61
1479.01 5039.78
5655.27 2772.41
6634.85 5084.1
5386.19 5011.59
7016.86 2620.85
4150.19 2667.67
4995.99 1139.86
276.443 6442.12
5415.14 6635.65
6309.54 1691.06
1831.96 1561.51
914.775 1002.74
6934.95 3656.91
658.499 718.316
6114.81 42.628
4635.47 4146.4
4495.66 4380.25
6042.51 5830.13
2939.52 7031.92
2466.24 4855.35
4469.13 1875.12
4941.17 3882.85
771.234 6964.21
4191.05 3936.06
5562.59 1117.86
4313.31 5234.4
4950.93 3585.61
82.972 6393.66
3305.74 1117.52
5097.37 1003.02
2168.87 5973.09
5567.71 1958.66
1245 728.646
1529.12 5276.57
5865.21 6646.81
4245.71 676.031
4494.16 6271.73
983.149 5967.65
1915.94 7197.57
3215.27 1722.05
4228.26 5023.74
5658.3 5529.57
26.318 616.407
538.631 3164.15
2422.47 2702.08
941.502 5647.77
3439.54 2456.89
6177.62 7083.73
7017.81 4580.67
3996.98 3228.6
2962.53 6969.9
6979.04 297.466
6835.71 884.199
5523.26 2818
1743.2 993.674
4432.65 6247.75
4567.85 4347.81
2000 6611
1848.03 3058.58
6105.4 133.833
1859.89 4521.7
640.169 1648.45
863.244 5069.77
2960.72 5452.07
2033.19 2934.44
4517.73 671.724
6573.13 110.06
3990.75 2310.95
3913.08 4142.06
6624.31 6093.14
4773 6587.48
2870.29 6496.3
4388.83 6110.48
60.127 1861.96
6582.98 4658.01
1086.4 3456.27
1469.87 7271.51
7313.15 3912.81
4415.11 6564.98
5654.48 551.461
3720.54 5613.56
2259.77 5241.3
5451.93 3752.39
412.419 7123.21
5134.04 3485.38
4027.24 5098.56
5481.48 5543.23
6085.84 127.19
3874.97 1797.94
3828.78 4043.11
1412.52 6376.8
2941.59 6125.34
6461.01 6637.2
508.459 7557.17
3806.49 2482.97
6641.61 6336.33
130.264 3571.95
3664 3230.1
1493.9 7315.44
4161.1 987.173
849.971 4183.34
2972.87 4077.21
541.09 688.252
3999.25 646.336
3541.44 6000.42
4684.67 1147.19
459.282 4164.48
2579.75 6938.32
2907.52 574.484
7365.75 7469.46
3975.35 1556.99
4878.48 5289.09
7598.6 2830.26
5377.66 1610.61
4026.13 2891.58
5744.18 153.841
1904.58 3290.55
4696.12 5252.61
2381.16 6782.28
4982.33 6004.42
4915.17 2022.38
1173.82 2247.32
4030.91 1888.95
2028.28 1364.97
2771.08 2836.92
7626.44 7601.03
6558.99 4981.39
304.591 4600.99
2136.66 469.46
5544.98 3999.99
2535.7 7203.64
6862.2 6195.31
6124.3 1618.74
2263.39 3911.09
5602.75 2406.51
4860.02 5775.24
6411.74 3257.12
6129.47 5374.69
2671.12 5303.66
7907.15 7275.99
6192.59 5442.4
6437.69 2363.1
619.096 7161.93
1935.15 3585.31
2886.56 4331.56
6549.81 1127.33
3261.79 6543.32
3371.96 5559.27
7071.52 2195.43
1886.65 6562.75
6445.18 961.66
6008.68 447.399
5701.95 1442.72
6527.34 295.908
3664.81 7221.85
7251.29 5278.41
7408.37 7907.88
3249.78 5291.66
1524.53 2124.87
2029.94 2064.91
5541.51 5068.91
7462.84 3029.91
2225.2 5686.64
6009.98 6411.7
6592.86 7531.37
708.561 7208.54
3800.3 4323.33
2173.5 5204.4
4295.94 7578.81
7131.18 1487.42
5630.18 3417.1
4724.81 3061.52
6940.09 7379.19
7004.92 5287.18
2857.15 588.481
7215.38 7207.61
3037.47 633.471
967.774 1748.63
2473.46 5437.47
5232.9 7749.52
7481.96 6023.68
3329.11 7478.35
4568.18 3585.41
4418.11 3495.69
2792.34 8130.4
127.743 954.193
3512.2 3552.03
3219.42 6330.05
916.38 7912.54
4876.15 1508.91
6853.85 261.941
828.075 4531.61
27.343 4097.6
7373.62 5414.52
7294.73 7362.01
5458.38 1054.74
1893.55 4040.84
4982.11 2476.77
6167.92 5190.1
5743.75 1896.47
2275.36 3761.49
3230.7 7377.97
5095.26 280.194
5089.87 3698.65
8161.63 1973.79
5719.03 7785.23
7072.88 6151.16
7155.9 3214.07
1693.32 5058.45
2382.44 1748.82
2897.24 476.108
7950.42 6429.6
2338.59 2547.09
5495.19 5216.6
4045.98 3868.75
5967.39 7234.04
6751.53 3877.19
5669.91 3591.48
7181.86 2011.5
2284.32 1241.29
8238.13 4449.86
1632.88 5707.2
4517.63 3113.96
6568.88 707.716
524.063 7636.68
4957.23 6318.41
3657.23 4128.13
1382.04 3660.08
2900.36 7970.73
6975.16 5702.74
218.672 7287.75
4036.24 1679.81
1028.36 8507.35
4517.33 4451.75
8471.92 2436.99
3767.24 2293.23
6704.82 224.293
1270.66 4773.03
1786.49 6410.78
4443.22 3319.89
4386.25 6912.45
7779.58 878.358
3419.12 133.215
5321.51 2236.72
4512.81 5203.49
5632.13 1436.59
2660.72 6965.63
5485.59 419.333
3158.45 7713.95
4889.97 627.063
112.007 1176.32
6188.52 540.117
400.229 8553.75
8317.23 7439.27
8130.72 586.021
6288.1 1382.62
454.714 5856.52
1037.33 2868.15
3394.23 3351.68
4156.83 3223.36
6324.48 6206.87
4622.02 3645.54
8348.58 7075.4
4194.87 957.697
3623.29 4802.79
5600.5 5906.64
7087.82 1253.16
649.078 220.963
5566.75 7373.97
1045.17 5427.64
841.983 7931.72
5488.04 2509.24
356.745 7918.53
4401.91 2844.31
3243.4 8460.51
2751.7 7039.12
4306.57 2074.68
569.34 3388.68
7031.74 992.596
2361.08 6439.64
1119.82 4397.46
7977.83 196.68
2826.3 3046.18
8226.78 7921.75
2030.65 6462.48
5957.35 5700.74
7601.83 8775.22
3779.16 3737.75
3841.66 8512.75
3768 7854.92
4091.82 6348.93
1511.23 8792.04
5172.72 4852.19
5270.9 7787.2
7599.66 6242.73
1347.26 6672.52
1857.26 8855.61
2862.72 563.356
8814.46 1076.06
3849.17 996.931
6185.4 5900.31
8817.14 8143.04
4504.87 5967.12
6303.52 941.199
1508.17 5582.87
1697.7 2802.76
8069.98 3649.18
689.88 358.314
6065.97 7845.1
6700.93 3013.13
7784.23 2045.89
5256.34 8581.11
1404.56 864.468
2557.85 8713.03
4871.72 6437.73
8088.59 1390.54
7251.59 4887.64
6533.19 4829.58
4511.53 1366.58
2232.23 4008.92
537.876 6272.38
250.13 5769.78
8501.92 2779.06
2025.79 7174.28
9122.52 6348.65
1448 4207.88
8371.92 8012.95
8101.2 90.073
7232.01 1098.57
3118.21 1485.09
5084.89 3377.06
700.205 7217.91
3431.86 6984.2
6675.64 1067.11
5686.07 3869.63
8772.29 6629.12
2486.75 7412.9
3281.17 6274.88
1376.62 1855.78
3059.99 817.774
4821.23 3014.82
6201.12 6706.02
1761.74 3307.64
2493.38 3306.12
5631.66 7913.19
5106.56 3458.73
7968.64 7802.63
227.763 2237.94
5042.45 386.421
1363.98 3028.86
7720.85 2869.28
4575.7 3175.68
8799.51 4745.25
6134.4 4822.49
3047.28 9327.42
7758.82 7089.14
1321.09 3991.38
2465.77 3302.23
3824.05 6471.38
5776.01 50.513
4228.22 8501.15
3903.97 5631.86
9248.85 5133.54
3293.15 4804.32
7798.12 4638.87
6581.43 268.745
755.394 6659.05
8791.55 6273.1
7795.75 6685.23
7960.36 2667.05
4502.73 4571.69
507.088 7329.66
6061.89 8988.51
2287.09 3608.42
2324.57 4507.16
9388.87 2006.04
179.095 3307.79
4666.27 4046.79
6391.44 6449.92
9086.08 642.304
4412.34 6370.81
9335.03 4966.74
5893.22 201.181
9142.61 2850.12
7521.76 9259.29
4228.3 4199.02
4209.19 4453.71
5786.73 4031.32
5024.15 4467.84
7070.2 6854.64
128.388 3126.45
6318.97 5823.07
1558.4 6210.59
8599.4 5989.97
221.551 6592.05
1436.93 7192.92
7917.74 3882.01
8441.34 5851.27
5344.02 8332.34
5216.77 3447.97
6633.67 6521.76
8228.56 402.757
6587.28 924.522
3575.71 2344.79
2486.71 9248.69
8463.14 524.831
8538.05 7046.31
2471.82 2916.59
3671.55 5067.48
1042.4 8955.22
9610.44 8023.47
1245.94 1255.92
359.584 359.021
8752.09 2329.73
2831.42 1459.88
5581.85 4354.69
5120.35 9255.49
8986.95 4357.98
9634.35 6956.56
4917.81 2382.8
1408.3 3604.11
2740.34 8627.58
9139.98 8758.43
4379.19 8718.05
7236.12 8653.6
4093.18 7386.12
9547.65 283.99
2037.4 5071.19
9453.85 9524.81
5038.54 937.277
2981.98 176.484
9855.87 5142.14
2678.78 9181.02
9175.98 5999.41
4364.2 6101.81
9434.17 2737.41
6569.33 8995.58
4586.95 1112.87
2667.65 742.181
2227.34 8045.02
8114.52 7765.35
9208.15 6799.11
4970.05 9355.07
6415.75 9406.87
3164.18 4886.69
3122.98 3437.35
