2000
0 0.933
2.743 1.262
1.529 9.7
5.508 14.752
7.256 17.256
8.119 24.711
8.351 12.843
8.705 14.108
26.393 38.33
42.366 22.169
7.932 26.917
9.847 12.972
52.868 26.98
1.223 43.549
47.592 68.164
51.169 1.551
30.427 36.19
72.624 60.635
24.92 27.944
4.31 44.862
98.484 37.363
68.301 49.71
67.236 11.876
35.431 4.929
0.397 100.675
95.491 99.19
129.344 118.134
38.425 121.629
124.03 32.727
34.126 6.743
87.334 34.104
139.76 49.749
125.62 30.256
60.932 35.572
111.613 92.49
129.509 52.119
57.405 115.695
129.049 90.327
136.719 143.497
171.824 37.596
18.649 87.356
59.184 158.093
112.245 51.007
99.306 101.509
82.754 80.352
150.665 116.783
148.738 50.801
104.69 106.33
87.337 28.195
71.656 215.963
82.011 49.427
205.042 247.106
80.968 186.212
24.001 184.51
92.48 174.658
136.571 233.331
0.814 144.847
220.564 163.197
173.625 238.438
275.931 88.018
98.487 170.151
64.187 44.913
124.179 96.995
141.75 146.75
284.913 295.562
256.134 62.273
223.547 188.521
159.83 194.14
325.557 17.678
304.726 253.503
150.597 270.408
34.893 268.988
259.238 237.085
105.093 247.188
302.72 263.211
333.746 207.387
315.71 99.209
375.887 313.668
323.103 3.473
316.9 52.674
375.105 396.183
225.952 264.37
361.787 189.302
337.41 36.905
172.11 65.4
257.996 50.142
188.585 301.86
262.047 263.924
325.731 121.158
380.386 410.219
116.4 93.415
324.055 186.682
229.874 83.061
395.006 398.602
469.268 29.365
50.47 36.518
306.723 96.089
154.106 354.319
383.13 407.655
393.732 203.993
59.974 127.595
193.81 288.673
135.055 78.73
351.095 453.245
310.705 67.694
72.948 359.873
188.353 4.474
430.76 15.741
466.756 475.644
498.143 241.64
183.737 534.679
301.135 281.149
141.529 27.21
226.607 349.417
195.255 3.787
134.373 407.626
147.445 324.112
79.172 278.595
317.153 165.053
315.183 261.717
514.655 446.017
334.176 238.077
208.776 285.399
545.654 402.728
463.002 202.161
405.455 458.87
158.316 195.694
479.381 587.93
327.48 486.604
463.386 476.359
626.207 341.954
526.079 293.702
421.365 94.453
188.732 459.836
368.432 484.563
548.017 610.107
23.583 174.91
553.467 403.116
331.546 131.719
25.528 138.071
180.107 578.256
183.52 377.353
686.528 228.154
81.43 653.477
375.048 686.52
356.204 8.414
220.81 365.719
572.925 98.298
212.131 591.701
201.709 460.751
555.022 262.817
618.652 573.924
414.695 660.471
181.153 589.625
740.978 315.616
501.142 621.597
17.088 601.732
31.917 494.404
242.743 720.395
792.749 439.407
355.936 174.302
173.767 431.045
441.563 160.34
773.398 119.896
813.051 327.807
451.767 54.997
688.978 360.65
532.809 252.33
412.36 770.716
745.161 482.293
563.209 423.753
86.098 55.13
359.634 354.543
356.889 514.088
149.031 400.692
170.401 593.674
572.294 455.693
406.165 1.949
648.765 837.737
777.458 610.841
617.048 365.943
426.229 325.215
357.389 497.209
340.388 144.754
500.243 853.501
187.271 776.516
537.564 530.277
111.912 65.005
620.611 167.212
372.782 228.092
423.123 859.201
803.324 129.004
671.437 632.602
858.804 58.363
111.391 694.273
481.575 899.906
871.759 486.626
431.896 723.859
907.763 356.358
643.577 470.484
877.747 507.156
15.948 523.605
85.454 576.194
13.359 258.43
264.323 545.883
596.024 386.447
260.202 520.847
783.876 416.049
551.792 799.588
434.304 599.133
51.558 544.842
706.414 624.567
311.728 458.506
403.391 582
488.992 301.118
178.398 651.718
9.868 731.975
490.579 402.119
521.363 1054.6
1090.38 1077.92
631.466 643.84
329.232 836.43
1027.41 833.155
764.571 480.311
856.179 840.796
85.3 589.216
730.903 901.993
676.055 793.728
252.481 1115.9
161.029 1041.04
829.897 91.286
733.657 766.377
1070.68 229.554
846.506 870.757
506.529 369.58
199.641 593.866
824.852 1001.93
5.66 13.49
1082.62 314.732
336.606 563.114
301.185 256.647
136.227 114.435
510.058 1109.18
926.11 191.742
1049.37 1090.6
154.671 1223.87
104.605 840.48
742.671 311.979
488.717 285.481
913.68 473.791
491.775 833
595.046 521.832
238.468 494.858
215.226 268.178
328.666 389.468
981.254 253.703
363.463 310.922
152.511 485.893
583.648 255.957
728.831 817.919
11.512 1097.09
26.232 1132.22
180.223 1058.04
1023.61 117.452
668.522 521.728
766.976 650.152
21.517 661.423
56.402 1028.7
331.936 459.35
486.035 332.825
581.128 833.964
1198.43 1109.16
1154.78 303.404
154.164 1351.87
1307.26 543.624
805.821 1233.83
193.777 872.224
195.226 52.604
798.451 545.037
334.838 821.625
1321.38 190.419
968.575 758.688
809.897 606.82
332.078 402.966
458.797 87.055
491.674 328.228
360.402 902.676
159.279 900.382
334.976 711.261
86.327 26.491
363.282 1070.07
71.761 107.342
1148.7 1407.03
989.805 837.318
811.875 628.938
1132.32 260.757
1293.44 673.288
1459.77 1449.53
990.856 1179.87
528.064 17.57
1134.48 986.267
599.338 136.411
1493.21 113.746
1338.28 812.97
117.81 605.884
445.142 179.596
357.208 1087.07
1272.17 674.376
85.007 603.312
1093.95 451.717
538.357 956.218
939.854 1320.99
279.853 785.239
953.449 633.984
1442.71 103.974
968.821 889.636
1236.33 1095.79
126.493 917.267
1294.24 1177.53
561.954 444.139
848.983 64.283
386.684 634.015
456.596 176.088
1425.53 1116.65
1067.42 604.213
1027.89 602.625
253.885 901.397
1102.58 1175.71
1119.85 1469.84
310.513 1583.89
446.422 527.279
1450.58 691.94
910.866 875.546
67.8 37.163
651.922 116.278
623.045 902.236
328.757 1077.9
870.185 1402.27
716.817 1107.99
120.432 719.098
1123.13 1119.24
301.184 1151.19
652.635 1143.8
489.704 1621.85
1431.58 1201.19
307.095 20.292
126.778 467.337
338.287 1234.62
224.515 1290.89
199.057 1474.45
1130.55 1739.89
608.583 329.785
927.175 192.089
1357.81 457.353
1165.6 219.097
407.569 1090.27
235.168 797.238
1321.2 822.483
617.144 1218.59
82.1 459.942
397.353 1559.59
838.902 1289.19
529.145 1347.52
746.09 627.544
1309.67 1326.34
1580.76 232.697
1121.7 850.977
1597.12 674.083
1839.78 1144.35
1131.7 1017.79
405.68 385.459
1143.96 1294.53
1757.52 600.975
1185.3 1718.15
1608.92 225.608
1524.33 1693.85
1250.28 916.934
1181.47 1396.04
1324.64 368.304
312.643 1180.03
435.255 428.369
1296.26 349.323
1847.88 1844.18
1057.71 680.739
1649.36 456.123
1077.92 664.335
1311.1 1580.75
559.808 1681.27
1092.33 1199.48
49.12 335.906
132.214 101.68
969.07 1219.28
1475.76 757.375
401.271 825.614
1367.74 918.063
1308.33 282.043
1284.88 1211.72
824.057 1831.91
709.418 564.961
1263.47 53.811
644.766 14.823
1244.84 1935.07
842.51 589.802
802.322 192.145
1749.92 301.236
2015.83 624.347
1475.73 1607.28
1720.31 447.009
2034.61 1819.44
349.817 600.213
1898.15 1976.6
226.069 203.287
95.491 1476.55
890.055 482.205
1642.63 635.668
1532.63 155.252
539.811 355.25
1707.97 913.645
833.391 1003.09
375.774 1783.56
2032.02 175.958
75.353 127.816
478.174 69.783
1904.72 1598.41
1988.01 46.894
2033.26 474.263
1547.29 386.249
1964.89 1580.88
781.906 919.049
1837.02 883.449
172.853 542.564
1309.74 3.064
178.802 1464.07
1689.64 1546.71
1663.06 766.547
463.169 1020.98
781.152 1948.83
1663.4 999.348
896.089 486.265
1158.51 1348.3
1812 1570.47
1387.82 1883.88
1157.13 1452.98
1867.85 1127.1
145.717 1805.05
76.419 173.126
1625.73 1710.58
1934.54 1694.18
1778.57 1898.05
410.038 1088.91
1176.31 2118.29
1881.89 1941.22
1787.79 328.016
697.548 1307.76
201.517 2038.02
1870.94 1254.45
2232.1 558.386
1016.22 1296.81
2166.22 1680.69
447.424 1558.55
990.483 42.618
295.047 198.89
365.438 1053.56
1793.89 1789.54
331.077 400.917
738.232 450.615
1586.61 585.725
1394.38 1161.91
1489.17 26.306
505.653 2178.64
718.398 317.244
44.209 1068.9
1876.12 1546.58
2282.28 141.58
1801.37 1362.16
837.67 1032.4
1600.35 681.943
1323.27 124.838
384.173 1756.73
280.852 1028.03
1891.98 2087.86
782.298 753.201
1683.94 1476
822.311 948.884
231.873 1300.26
1918.32 590.143
2183.48 454.674
1240.44 2118.03
1549.41 442.571
1365.47 158.557
293.135 654.455
1547.29 2013.55
2458.7 1097.29
741.364 1880.68
1274.71 481.855
1991.07 211.273
1824.22 867.401
200.426 588.565
1432.29 1951.3
1620.72 1313.92
913.949 2299.21
291.453 440.523
2094.86 268.553
194.002 2305.16
2171.96 639.106
2371.29 269.357
2409 2369.88
2312.98 206.487
287.81 2305.44
2408.77 549.961
446.786 2350.7
1151.55 432.097
1155.88 720.241
678.918 1203.98
985.176 1996.02
410.633 2413.35
1788.19 1393.36
1463.17 2418.89
248.322 1568.65
777.501 603.523
2595.38 1780.09
2211.02 2447.04
2150.27 80.152
1883.39 1477.18
935.475 145.059
781.692 1423.57
1921.64 2412.21
1913.26 1917.99
944.116 2488.28
2525.92 2402.38
1370.11 1180.78
1593.37 1749.01
1160.67 1874.07
2530.14 261.177
1326.28 1354.77
1608.93 1706.79
1949.52 2091.29
2050.9 2153.35
980.857 1711.55
59.62 1346.01
202.82 1535.41
895.605 1187.73
1955.89 1596.78
2683.5 1812.72
904.215 100.255
819.96 1300.51
2367.45 1601.55
2612.61 2529.34
2586.37 1478.03
322.904 1324.73
2619.09 439.035
1497.02 1244.44
2565.16 323.327
1771.88 1664.13
2158.6 32.579
1229.6 1971.56
253.651 839.87
1986.74 60.153
1361.95 613.251
427.518 91.413
1345.48 306.961
486.13 1407.22
1422.87 1851.78
416.341 1846.88
245.567 1105.24
303.747 816.257
192.62 847.196
2459.02 2665.35
103.687 2473.45
971.201 910.569
2449.44 1962.63
1715.98 1177.55
2136.35 56.635
2822.26 1554.25
1619.45 1699.11
1145.89 2763.23
45.102 519.421
2830.11 2299.89
218.217 713.836
170.123 356.586
2264.62 1812.25
1070.84 274.727
1968.03 370.886
1787.12 384.225
1899.45 1933.72
415.838 2864.63
772.425 2011
1005.07 452.089
884.654 1468.08
2859.75 713.932
2929.17 1688.14
1770.22 2932.21
2317.59 1275.34
2593.26 2418.55
1887.45 1158.18
629.717 1937.1
1857.92 1680.27
412.236 934.215
2446.35 503.608
2116.92 22.265
1490.66 1762.44
1927.37 495.7
43.9 1559.13
1528.23 2394.09
2784.48 1946.43
1391.98 449.179
33.823 1135.09
2945.36 215.683
2628.34 368.788
2558.12 1810.38
2.956 941.966
3036.33 812.804
176.831 991.135
313.387 301.358
1333.69 467.963
12.592 2461.31
1187.55 2049.66
2639.75 854.973
1557.41 1837.51
1022.67 1877.48
2751.79 3064.19
2109.95 3069.49
2287.89 2643.58
309.728 1992.83
1013.67 1715.46
1482.04 1258.18
2405.07 2860.89
806.487 2983.43
2536.95 2440.43
1812.07 1111.61
786.96 2197.03
2966.2 957.293
1049.08 255.49
813.492 2586.78
2229.7 1239.33
2909.24 1122.04
1601.78 2105.69
1911.1 1798.88
1266.06 114.241
1696.77 258.31
944.492 1440.64
2019.37 2330.3
2332.81 2222.02
377.41 2836.57
395.456 284.758
2592.19 2840.93
2576.27 1695.74
607.232 2157.46
2203.81 1927.73
2397.52 1879.53
2073.48 1121.62
1370.04 2520.26
1474.4 528.693
2369.31 2127.66
998.801 795.001
984.966 1175.01
493.358 1245.85
1364.38 296.913
1624.56 1508.54
43.634 1238.04
504.478 3135.26
352.52 637.49
2782.98 685.226
2471.1 1015.82
205.469 3157.37
681.214 1335.2
1365.2 1170.49
156.838 2249.76
1326 2640.55
1008.19 3115.61
1008.64 3015.86
2861.01 254.357
297.705 2128.04
1440.42 2752.39
2477.77 1146.14
127.575 1588.54
3058.12 1409.31
3141.43 869.749
245.901 3268.1
2984.36 271.561
558.201 1109.16
2193.35 442.001
1426.81 832.411
605.442 3049.55
1597.64 256.416
769.32 2597.76
1244.91 957.781
685.305 2561.29
2762.24 101.551
3340.19 2442.61
3334.79 767.694
550.714 1082.62
3310.18 2272.97
1624.68 441
2523.19 1362.21
2135.28 313.522
3144.97 556.269
1416 1520.05
2863.82 1163.64
479.422 194.294
2099.46 2028.33
1460.55 1926.13
1112 807.078
2974.97 615.002
1314.23 3067.52
1410.48 101.816
464.225 1594.95
625.837 3237.79
1896.8 2939.74
24.554 379.794
899.549 3226.45
2077.53 1125.72
3333.44 2374.11
323.806 1545.53
2660.31 3199.05
762.343 2081.71
1812.68 396.882
1819.35 2677.82
24.99 2763.26
2087.53 776.958
2635.87 2031.3
1400.36 457.442
1448.15 1857.11
3400.25 2416.7
2304.95 251.175
159.298 2948.52
2877.32 425.394
739.161 3235.87
2794.06 787.583
399.8 688.884
75.913 1803.54
45.657 388.565
1012.35 1922.15
2987.98 1321.44
779.472 723.821
2674.63 1038.75
641.508 1148.63
2366.97 629.633
3157.01 3413.97
1389.08 151.096
2752.25 147.622
2798.49 2416.4
3356.94 3462.89
2037.89 501.662
1462.17 570.058
3611.85 848.578
930.4 3618.15
555.889 1673.39
2256.63 2638.93
1339.35 1244.74
3246.33 3687.46
3129.41 3630.6
1953.94 2930.19
3353.55 744.254
3453.34 1025.41
3037.23 2896.28
2351.93 2838.83
3551.82 1449.23
3499.64 1237.88
1170.11 2498.39
2994.47 2009.9
2507.43 965.175
1045.4 260.826
1151.17 581.038
1667.62 3517.18
3131.55 2752.44
217.39 3574.23
3145.71 357.404
1950.72 3693.69
2502.84 373.753
1158.66 1455.44
1672.65 3548.45
550.516 2035.69
3659.3 1272.41
742.48 476.241
3749.63 467.246
2907.52 2686.18
1543.9 2784.57
1722.38 2660.16
2992.43 472.692
355.198 3377.01
1660.02 156.229
3480.39 10.347
3407.45 3330.24
772.195 147.629
828.477 2458.66
2654.64 3090.43
1597.03 450.314
3516.02 1850.26
3377.8 1890.74
830.958 452.207
1129.7 1963.79
2984.22 1727.07
3694.28 1291.42
1681.48 667.982
1282.57 1986.79
3840.16 2421.52
1163.15 3524.14
896.666 2909.04
2637.59 776.695
599.527 2397.2
3187.23 1332.29
985.926 3780.16
1608.3 486.219
466.07 3883.93
2906.28 1268.11
645.431 2750.61
1.881 1535.2
473.461 509.018
1272.94 1008.37
2025.77 298.181
549.93 169.066
3995.53 1786.29
3208.36 2647.25
3665.78 1084.63
367.693 3342.82
1559.59 163.453
605.765 2963.07
519.563 227.842
2046.82 2763.77
3868.92 3349.49
868.816 1167.01
2271.9 200.588
1576.8 1282.5
2373.9 436.794
248.822 666.891
3261.56 2148.57
1192.59 968.044
3100.88 3864.36
173.766 1579.15
2107.78 1154.79
1810.11 3722.39
260.453 2682.57
86.847 3535.06
3158.01 1883.13
202.256 2157.88
4053.91 3165.99
1096.15 2497.7
1071.39 1795.37
941.281 1418.54
3366.05 2805.86
2402.04 3322.61
3214.64 265.366
48.802 2933.84
1999.63 3382.17
1067.25 3436.69
3360.67 799.17
3422.14 2952.52
1966.36 3310.01
3654.71 1867.11
11.386 1836.44
2395.11 4075.8
3075.8 592.697
2543.8 952.322
2706.43 1860.4
2289.71 2563.53
3592.34 1168.94
3661.72 786.017
3425.66 1992.59
289.272 2644.46
978.08 3111.4
3941.51 3765.76
32.718 167.957
3812.94 3564.39
2122.77 3047.46
2886.02 3409.29
2.196 4300.5
890.463 1221.83
3793.25 1939.7
2775.15 1271.82
4147.7 1019.04
1800.79 362.92
3652.32 2989.37
3130.53 3671.42
3822.41 0.6
441.289 732.005
4272.8 996.57
604.919 225.508
442.478 43.001
3581.01 1370.33
4110.48 4040.53
3635.55 919.563
908.87 1979.33
693.322 1103.1
57.079 432.986
1151.49 921.364
2917.5 3161.31
1724.54 3774.43
1386.32 2457.65
2016.81 3561.25
824.777 470.869
1333.41 1994.36
212.5 1354.56
1476.89 716.704
3504.84 469.696
1217.22 1564.97
1918.73 2375.61
349.825 326.038
2976.53 2306.25
3809.14 2397.36
623.466 981.415
3369.2 1860.32
3144.57 2683.87
2268.03 1646.62
156.164 2042.44
2314.61 2757.33
3143.59 3817.59
1969.2 4144.52
2221.52 2635.9
1942.24 817.85
2073.37 3767.23
197.686 713.067
544.743 4039.99
2099.97 4469.25
4086.62 2020.34
306.632 3663.95
1816.89 2440.25
502.062 754.585
669.397 4301.55
1003.67 3013.39
3344.56 790.164
189.418 2305.31
2790.75 4314.28
3719.23 4465.85
1238.37 1646.23
310.692 2608.78
2113.11 3618.97
771.344 1877.09
225.44 3509.72
78.513 759.166
2087.37 3390.4
267.819 3862.26
4334.8 1988.16
3815.4 1684.4
79.253 417.587
2494.19 3440.41
2930.25 3318.91
3542.16 295.281
1189.91 480.003
590.389 4642.65
4449.53 2160.22
3468.76 4667.99
3285.92 4291.55
238.969 2127.39
560.749 4372.69
1154.82 1347.54
3248.99 2164.92
1069.3 4497.73
2968.03 529.738
4266.63 4294.7
2503.14 1567.11
4540.74 3638.76
4598.06 1574.93
3544.03 2592.97
147.377 242.193
2165.93 2325.01
912.186 963.276
2244.37 2501.67
3371.43 1623.97
3425.65 1129.14
784.439 4474.49
4558.94 493.571
1046.61 739.255
4336.08 2037.86
2654.59 3218.84
1670.44 4001.38
4233.42 1848.92
2654.7 3590.17
229.224 4595.28
889.906 4183.55
1831.68 2964.78
2809 2338.86
2397.32 34.031
4550.13 2826.71
3979.86 1499.72
1018.18 845.705
366.829 2290.76
1390.69 222.46
3215.32 2323.98
251.449 1329.15
4348.61 219.298
3997.12 2678.43
4189.48 3987.76
4606.09 529.617
2281.7 3217.29
1213.21 4725.16
2630.35 228.776
1455.51 133.061
1457.96 3848.99
2947 1305.26
4057 4291.53
3653.36 4193.27
1460.97 3047.9
1408.81 4376.38
476.542 2886.67
1658.51 211.345
4440.38 4065.94
2672.97 4162.76
2099.81 2760.5
4400.95 14.082
2483.07 3359.98
2432.87 2167.48
3643.61 4452.9
2235.44 1201.2
1168.67 922.694
4672.62 4540.42
3488.29 1178.49
2893.41 1437.64
3457.87 766.373
1055.56 5025.83
2335.42 826.917
4873.65 677.86
860.253 590.562
1939.22 1251.92
4936.01 1391.79
450.137 2232.38
2228.91 4225.13
4972.11 433.236
2088.44 260.122
4209.35 1968.15
1099.81 3549.31
443.198 3614.35
682.021 3756.88
3447.03 2049.16
3123.29 2462.53
4670.58 3946.97
4689.1 3176.58
868.244 4259.74
3611.98 3021.7
1360.31 2173.98
953.025 604.306
1815.5 2650.43
3355.75 2515.38
4451.41 2617.85
985.687 3855.87
3017.77 2864.87
130.943 1392.18
4621.94 3226.31
620.385 2924.78
1507.5 3952.63
1637.71 2415.76
3516.55 1831.49
4619.95 4575.45
4066.57 1641.91
4026.61 3696.14
1204.96 4794.45
1413.56 4478.8
2666.23 56.916
4259.03 2936.71
4353.83 4456.53
4349.08 1241.17
1455.89 1128.07
2486.99 2391.49
895.997 1851.61
1478.85 1526.28
3896.88 4530.73
4874.85 5084.1
1862.81 1488.24
5253.48 2620.84
4150.19 2667.67
1462.65 2906.41
3813.05 2905.37
1875.14 3095.65
4537.77 1691.03
1831.91 5108.18
2689.78 4552.74
3381.5 1880.15
658.469 718.295
2554.82 1822.63
4635.46 4146.28
928.997 4380.25
2472.51 475.134
2939.5 5245.14
677.868 4855.28
4469.13 1875.12
3149.41 2091.14
771.225 1584.18
2396.05 3936.06
3765.89 2914.38
2514.95 3436.07
3150.93 1785.61
1884.54 2790.29
1502.38 1117.44
1487.37 1003.02
362.112 2359.61
142.691 150.285
4865 2538.65
5152.32 1653.07
425.194 3020.05
2430.71 2491.03
2677.39 4454.95
983.144 2330.96
95.936 5377.57
1393.42 1721.89
4228.19 5023.69
2008.3 1879.57
1852.85 616.255
538.628 3164.14
4252.47 2702.08
4604.76 1984.33
5272.82 2456.88
2507.62 3413.73
1507.67 2743.84
320.247 5066.86
4802.53 3289.9
5137.24 2139.1
1305.63 884.172
5523.26 973.001
3589.82 993.508
2584.31 2551.06
4567.85 4347.81
1999.82 4759.28
1848 3058.57
540.405 3843.83
3.223 4521.66
640.146 1648.36
4583.24 5069.77
2960.55 3590.34
169.854 4797.68
4517.73 4401.72
2839.7 3843.36
3990.67 442.588
173.084 4142.06
1009.26 2349.71
2899.59 967.444
995.288 4621.3
4388.78 4233.65
1938.45 1861.89
4702.98 898.009
4849.64 5337.8
3353.16 3504.8
1658.15 142.81
4414.93 4678.3
3766.12 4328.06
3720.54 1833.56
368.049 1457.78
3558.56 3752.3
4202.42 1438.21
5133.87 3485.34
4027.22 1301.87
3581.47 5543.23
380.784 3930.39
3874.96 5604.6
1923.78 233.114
3319.05 2563.33
1033.18 4216.92
731.007 907.204
508.443 3733.65
5719.73 2482.91
4726.61 2506.33
130.198 1655.12
5582.26 1311.7
5333.9 3475.44
4160.94 987.015
2773.28 2259.97
4897.87 2152.21
540.972 2614.88
3999.2 2574.58
3541.44 4070.42
2752.96 1147.02
4325.92 2231.05
4514.75 3068.32
970.687 574.336
3489.05 1654.39
2035.35 1556.99
2936.67 5288.96
3711.85 886.864
3432.66 5500.61
4026.1 944.895
5744.09 4050.43
3854.58 1340.56
4695.94 5252.49
2381.13 2875.6
4982.33 4049.42
4915.15 3978.87
3132.07 2247.26
4030.91 3848.95
3989.81 3326.54
2771.02 2836.9
5661.44 5636.03
4592.26 3014.58
304.51 664.234
4106.66 469.46
3573.14 56.62
4508.98 3256.93
4887.2 2245.31
4147.52 1618.56
4241.68 1932.73
5602.75 2406.51
2878.34 3793.44
2444.99 3257.03
2159.47 1404.69
684.397 3316.99
5918.75 1310.91
4202.59 1462.4
2454.32 371.294
2612.38 3175.24
5925.15 5580.31
2886.49 4331.52
4551.44 3125.63
5261.79 2543.32
3371.87 5559.18
3064.79 2195.36
1886.65 2552.75
425.066 961.532
1991.99 2455.7
1681.95 3452.72
4515.51 295.82
3664.79 1181.78
1206.29 1248.41
5391.69 3874.47
1231.41 3273.32
5564.53 2124.87
8.203 2064.76
3518.17 5068.89
1387.84 3029.91
2225.15 5686.47
6009.94 326.65
502.86 3471.37
2740.19 3145.2
1766.92 256.62
4208.5 1134.39
4295.83 5542.06
3054.48 1487.38
1550.17 1377.1
2683.14 5103.02
2853.39 3292.49
2914.92 3242.18
2857.1 2635.1
1070.36 3110.91
5087.47 2683.47
5070.97 5851.81
420.127 5437.43
1122.89 1584.52
3368.54 1910.33
3329.11 5419.97
2508.18 5645.41
2356.38 3495.52
728.985 1940.4
2192.74 3019.19
3512.12 3551.92
5287.69 4261.69
2986.38 5842.54
2804.42 3580.43
4780.5 2335.27
4978.07 4531.61
27.213 2020.92
3216.93 1257.78
5214.73 3202.01
5458.24 3136.28
3976.88 4040.81
4982.11 391.774
6167.87 5189.98
5743.71 1896.47
2275.36 1671.49
3230.63 3194.53
3001.9 4466.85
5089.87 5793.65
6064.97 4070.33
5718.98 5686.88
4972.88 6151.16
850.814 3213.95
5899.92 5058.44
277.443 1748.82
5003.83 2582.64
3733.69 104.527
228.591 437.094
1271.81 3104.83
6159.29 1755.41
1737.39 3004.04
401.38 3877.14
1433.2 3591.41
821.859 6251.5
162.576 5484.6
1868.09 2326.51
5882.88 1457.2
2390.94 3113.81
183.803 2836.02
4784.06 5506.68
2825.42 6318.31
3657.23 4128.09
3517.04 3660.08
5036.96 1560.64
2698.47 3564.36
4498.67 5147.75
4036.09 3821.4
5315.02 4220.63
2372.33 4451.75
2031.79 290.27
1618.88 4441.48
2404.82 4524.29
3422.28 4773.01
3939.77 4257.39
133.224 3319.89
72.853 2599
3462.84 878.34
3419.12 133.215
998.135 4398.38
186.085 5203.49
1302.13 5766.59
2660.58 2632.17
1148.89 4755.93
5328.45 5543.95
546.508 4970.39
4458.64 1176.27
1838.52 4890.12
4753.46 6377.04
3960.5 904.247
1590.72 4946.02
1924.71 5745.82
454.7 3673.13
3222.33 683.15
1207.54 5538.27
1968.47 3223.34
4134.48 4016.87
238.651 1453.8
6155.17 495.325
6389.87 5347.7
1426.58 4802.76
3402.15 5906.56
2687.82 3453.16
5052.27 4624.18
1160 5170.58
1045.17 3222.64
841.895 3518.23
1071.34 2509.17
4776.74 1288.53
6613.52 5055.85
5456.72 4033.79
2751.7 4824.12
6523.12 2074.58
2787.61 1170.33
371.745 3212.6
2360.95 6439.58
1119.79 4397.43
3527.83 196.68
5052.96 3046.09
1541.73 1236.69
6490.65 2002.48
5957.34 5700.67
5368.47 2075.16
1544.16 5972.75
1604.88 4039.39
1529.61 1139.85
6331.82 4108.93
1511.21 4308.56
5172.67 365.512
3025.9 5542.2
5352.84 3996.03
1347.21 4424.12
6357.26 4355.61
610.917 563.28
2054.4 1075.99
6104.17 996.931
6185.33 1386.94
2042.07 5884.7
2244.87 3707.12
6303.46 941.097
3771.49 5582.81
3962.7 2802.76
3536.55 3649.14
5226.48 4894.98
1525.96 5575.1
4429.17 741.357
5510.84 2045.84
5256.34 4031.11
1404.45 864.366
279.517 6434.68
2591.72 6437.73
5806.77 1390.41
4968.19 4887.59
4248.19 259.579
2224.83 5939.88
4520.53 6297.2
5117.88 6272.38
2541.74 1186.45
3915.25 2779.05
2025.79 289.279
6825.8 4051.86
6044.66 1909.47
6071.92 5712.95
1196.06 2391.72
321.941 3401.89
813.208 6095.09
2778.12 5683.72
3008.5 4909.5
3431.86 2364.2
6675.55 1067.01
1059.34 6182.95
4142.29 6629.12
2486.67 5096.1
962.815 3956.49
1376.62 4175.78
738.278 5461.05
4821.21 5338.11
6201.12 6706.02
4088.32 5634.23
4821.7 5634.41
3301.66 3253.19
443.103 1127.04
968.567 5469.25
2562.76 2237.94
5042.43 5059.69
1363.97 3028.84
3040.85 2869.28
2234.02 5517.31
1769.49 58.576
3789.4 4822.49
3047.15 4634.07
3062.08 2392.46
6021.09 3991.38
2465.63 3302.11
3824.04 1764.67
1066.01 2405.51
6584.87 1431
6262.3 3273.51
4528.85 413.543
931.374 4804.3
3071.39 7002.18
6581.43 2633.74
5488.62 1925.65
4054.84 3904.74
3055.75 1945.23
3217.01 2666.92
4502.67 4571.61
2882.09 204.663
6061.78 6611.7
2287.05 3608.37
4704.57 2127.16
4625.46 2005.99
4945.72 924.416
4666.27 4046.79
6391.44 1676.58
6697.73 5418.9
2022.34 6370.81
4551.56 183.307
3499.88 2594.45
4352.61 2850.12
2728.42 2069.18
4228.28 4199.02
4209.19 6853.71
5786.67 4031.31
217.448 2064.46
2260.2 4449.64
128.388 3126.37
3910.56 3414.71
1558.4 6210.59
6187.71 1166.61
5048.18 6592
3851.93 2362.92
667.692 3881.97
1186.3 1014.59
5344.02 3492.34
373.387 5869.62
6633.62 1675.07
953.56 402.757
4160.51 3351.06
3575.67 2344.78
56.708 6818.69
6031.36 524.807
3671.35 7046.29
36.816 481.595
3671.4 5067.38
3480.69 4078.51
7170.44 3143.47
3687.54 6139.16
2802.86 5245.62
1417.09 2329.73
384.737 1459.87
3133.45 6803
5120.35 4355.49
4083.49 1906.27
2274.3 6956.53
2462.81 2382.8
6321.55 3604.06
5198.61 1252.54
4219.98 1378.43
6840.81 3794.59
2309.43 3726.87
4093.18 2456.12
7080.95 5217.28
2037.37 2602.8
2043.85 4584.81
2566.83 3408.94
2981.94 2649.82
7380.87 5142.14
5155.37 4227.59
1740.97 5999.4
1884.2 6101.81
1989.04 5219.07
1602.65 6512.19
2101.95 1112.87
5154.25 5715.4
2227.33 579.976
644.519 295.35
1733.09 1815.74
7463.33 6861.67
1425.75 6911.87
667.486 4886.62
3122.96 5935.63
707.947 1134.3
1469.28 3354.82
5093.8 986.981
6748.08 4397.17
5450.94 4770.28
4194.35 3645.41
7013.44 5234.77
3000.93 674.188
4003.34 5852.07
4298.58 2431.72
2873.86 3281.49
355.312 6021.15
3311.08 4358.19
260.575 4141.51
5986.25 197.626
6400.96 1115.52
2793.54 7463.02
3296.76 1217.59
1375.64 6723.68
6672.19 5449.58
4201.98 335.947
3102.02 7495.47
1727.44 2366.97
7221.52 3329.88
4282.4 2182.34
1682.09 3080.38
6405.85 5383.82
4909.76 6461.6
6687.24 3175.28
6113.44 3527.8
2556.76 6460.27
3078.36 6439.5
416.766 4565.63
5602.35 1739.66
1612.4 4611.95
412.821 47.713
5562.13 5509.74
6902.74 527.445
3228.62 4711.47
3292.3 538.664
1317.88 1705.14
4919.28 1535.87
2247.91 2623.09
7534.84 7486.38
655.347 2929
5269.1 7478.23
1554.73 6277.42
7273.24 7301.8
5992.32 276.869
1343.44 2707.05
3306.51 7561.77
5031.65 7550.63
7365.74 5066.35
665.959 3072.81
4491.64 4849.91
2788.5 4311.46
4522.33 4761.08
467.15 2094.63
6792.86 7052.77
3625.55 6537.59
3799.65 4911.74
3043.84 1743.83
2783.21 7692.27
4005.63 372.954
6852.73 7761.56
7799.44 5418.04
6214.52 7138.35
3778.6 3075.8
6274.06 1791.09
4084 6035.9
7660.6 7563.59
5671.84 3778.17
957.371 6379.43
6060.95 144.934
2647.31 4593
7304.07 4172.96
3396.6 4055.43
60.277 3142.6
5469.53 4375.46
1923.3 971.345
1239.3 5269.6
3033.38 176.975
790.604 7062.11
3802.89 1440.7
7869.69 873.665
1191.61 1884.96
7204.08 4142.25
4876.35 4875.96
7404.18 921.147
6288.31 4768.13
6469.36 4182.68
4552.29 514.756
276.611 6278.59
4196.68 6693.46
6824.1 3972.49
4411.11 717.517
4718.25 3215.27
6968.73 5152.83
7797.38 7091.25
7257.88 605.497
4765.35 5637.53
4314.15 2078.16
3372.72 3866.48
7112.84 3913.16
4396.98 7365.3
4091.92 4882.17
3651.77 2990.47
5803.6 5978.08
3651.8 2785.57
4327.24 6143.9
5785.16 7738.69
7127.44 2543.64
1263.64 1791.2
2215.18 324.325
3007.33 5459.3
95.758 5558.41
4825.75 5280.37
2926.83 4146.85
4102.74 3470.06
3920.93 7119.21
2138.86 2236.24
4104.23 879.543
7403.98 3142.12
839.387 3771.56
326.443 4474.09
2098.12 4936.21
1104.27 5765.81
7502.68 3379.31
3875.51 86.679
2870.89 6830.47
1734.99 6550.96
6471.11 7615.84
1517.2 835.79
7259.32 6919.45
1864.93 7536.87
549.205 7480.46
3381.34 7019.57
3405.72 4639.87
507.224 8017.11
3401.57 2517.36
3579.86 7568.2
1808.82 3335.52
3069.33 1095.14
1288.41 7152.9
6280.68 4034.03
4777.62 78.499
4992.36 1537.95
3149.89 3868.42
6652.22 5378.9
6752.06 7107.6
814.05 4768.94
3505.61 7640.02
256.232 177.403
7283.62 3400.53
3132.95 7235.69
3700.89 2311.85
4293.85 4803.54
4805.61 1441.64
4805.91 4684.71
5553.02 8248.21
5772.02 1882.23
1597.21 5508.4
8217.04 2238.88
2842.3 7824.86
7955.74 3323.63
4935.08 5680.59
7832.64 8092.31
2184.66 1580.26
2408.82 7011.57
3815.43 1859.89
3949.76 4439.3
5928.13 5658.4
3803.1 3597.79
6656.93 862.869
7654.43 7631.4
6982.31 6905.21
1792.19 3944.06
4637.24 4334.35
4265.05 8369.87
5206.12 7679.82
1597.92 3555.88
2773.18 5036.28
6386.72 1561.8
744.268 3467.4
6637.48 3358.79
7311.36 3131.63
473.451 2244.03
3769.87 2882.78
3508.92 3365.83
676.312 901.525
5495.73 166.313
4580.38 3111.77
6854.26 1172.91
6201.59 5994.2
1616.95 957.262
1632.41 0.513
1092.04 5321.16
3812.03 2179.28
8043.37 6062.34
457.304 1471.49
8221.76 923.211
1614.09 5950.8
1211.09 2653.8
7343.22 3389.54
7985.25 8299.48
2582.07 7859.55
2432.09 2608.05
4771.29 7398.16
7818.05 1161.44
1126.48 166.791
2239.88 3730.13
1266.29 7540.86
1089.16 157.661
3248.32 8409.9
1731.36 2272.07
4647.69 7782.81
4926.16 1369.1
3053.41 4562.83
2675.05 1481.89
7853.35 2257.3
4027.24 4894.48
4495.71 1269.79
3979.08 5835.27
6015.28 5653.73
3387.76 2399.02
7228.24 1906.63
3925.52 5969.68
3908.38 6761.03
4629.28 5132.97
5065.44 5374.15
248.956 8064.76
3784.3 5621.82
4374.45 2207.22
2996.67 72.082
435.523 5113.61
1916.27 4419.39
3287.23 6140.71
7333.98 583.187
3165.81 6776.73
3900.78 8536.77
1757.19 8031.55
3375.24 4984.29
7485.03 8573.13
5039.93 2973.13
7559.85 6880.85
6534.13 7866.98
6850 4932.28
5796.78 3018.49
8365.92 6930.72
7839.85 1658.59
4558.11 4733.89
3125.53 761.093
7602.46 6214.44
8414.18 2625.45
5031.51 8737.83
1559 3929.32
6052.01 2528.38
8175.23 4998.17
1968.37 6414.98
6751.84 2738.65
6664.55 1635.63
6869.16 6270.62
8243.92 4266.86
7000.81 2622.49
8615.69 1351.1
815.625 6465.05
5608.71 5391.9
3614.81 8408.22
5610.95 6031.87
7790.11 7771.11
6507.73 6921.78
3001.47 222.552
8582.94 8477.1
1535.48 471.799
2552.27 3245.28
5001.39 2036.68
6683.22 515.081
5329.3 3220.55
3368.78 7006.58
8231.69 6874.74
2079.96 6041.76
5427.72 4866.75
4024.69 5056.06
496.05 3998.74
1428.86 1156.97
6374.86 1809.78
2884.61 7365.64
3567.41 698.074
8666.75 2120.38
1574.86 8328.92
7555.23 7424.93
4540.46 1325.8
6138.21 83.455
734.643 5596.14
3018.42 3434
672.607 5300.2
983.113 1934.56
7519.16 5371.39
2701.53 1237.44
4915.31 807.82
1323 1862.53
5844.1 7987.05
2802.45 5523.02
1687.34 4685.69
925.605 7689
3195.76 828.681
473.045 8769.83
1874.46 457.896
5148.92 5250.7
3880.26 6942.49
6782.33 3799.84
7878.44 2176.4
4874.94 6770.42
1783.37 9051.28
122.998 5686.51
183.558 2762.85
5380.24 4648.2
6659.28 8794.29
4283.75 4680.28
58.636 3872.99
6785.62 1755.2
2355.66 987.722
7731.31 6252.15
3406.75 8780.07
4129.31 7606.68
5613.7 2552.26
6764.74 8118.73
3993.14 3813.95
933.597 7211.75
4973.32 3780.9
6770.17 3802.11
1017.29 8881.7
786.946 4264.82
7043.67 1141.5
9143.26 661.684
7143.38 1363.46
76.214 1218.87
5170.15 1639.87
7673.28 7846.99
3866.48 3460.02
6340.4 8298.5
5447.53 1575.64
5573.21 820.269
2010.41 7867.12
4489.86 8985.61
6909.87 5638.45
8119.77 2612.06
4927.26 6106.07
333.972 468.569
5366.83 6992.24
8305.69 4206.99
2345.46 5733.73
5898.71 3136.96
2608.67 3137.1
558.844 6167.56
871.407 150.508
7633.59 8424.21
1217.92 7856.28
8897.45 6757.9
6454.48 8896.78
2237.72 8680.51
7278.01 748.802
9018.83 3535.76
8109.82 5327.96
785.224 2572.26
5764.24 1092.83
6673.66 2548.76
2489.16 4208.92
1687.86 854.815
7194.52 2009.28
8315.22 2978.99
7839.14 1405.43
2809.06 2343.43
4847.55 5117.28
1167.59 2238.06
4048.06 5500.83
5916.27 2539.01
8494.36 6143.84
7793.36 4055.27
3735.49 1448.86
9295.57 3431.25
7941.31 1793.84
9373.62 7847.65
4775.4 5272.3
8042.17 7739.2
3445.69 7205.46
7945.99 3651.18
5852.05 1162.88
6955.23 2032.3
5914.38 7038.95
7582.5 1009.62
8075.23 2226.83
1686.26 9049.9
2781.59 6325.49
5192.14 9162.7
259.014 3590.62
395.359 3054.87
4874.94 1150.84
1936.69 7026.81
3343.1 2714.75
2959.82 3201.65
1351.53 5271.82
6106.21 4169.32
9399.62 4075.71
3391.03 2510.3
4850.99 7110.59
5483.32 7147.8
7719.57 559.181
5930.27 7900.53
4385.57 970.693
3193.21 6070.69
8838.36 5701.82
985.045 6498.63
7484.45 5041.39
7985.55 7716.13
4703.04 118.314
4967.18 4674.22
4460.67 6521.52
5939.69 7041.91
9231.97 1622.16
603.65 3235.05
1570.97 4542.78
8102.02 1830.38
23.613 2886
741.981 6812.05
7066.44 7800.65
9091.28 3064.78
9466.59 1876.87
6307.22 3976.8
2762.48 7097.57
3234.16 4501.9
7206.14 903.516
5765.99 1445.06
2518.78 25.428
1057.34 6282.6
9423.6 6183.38
2706.58 6316.09
7379.54 5928.52
1987.86 1188.31
8320.44 9497.6
7357.16 251.477
701.117 6965.52
718.979 8495.38
8908.63 1050.19
2037.2 8188.64
2451.51 724.29
9625.76 7374.92
5063.07 4044.15
4559.21 8580.16
3417.84 5175.57
7474.96 456.493
6336.13 3555.26
7073.44 136.168
2944.26 148.016
8707 3687.98
5103.19 3377.66
7814.14 5563.93
9504.43 3433.94
4650.67 1182.97
7859.3 2368.48
6538.83 3495.61
1828.89 5069.23
6912 8215.71
4811.35 7933.85
5374.73 5331.96
5306.72 5660.8
4038.13 6310.68
6253.32 7305.95
1862.7 8934.16
7154.4 9046.31
9793.21 2732.91
7247.58 8390.97
1213.03 9141.18
8392.48 6447.99
8797.94 1745.37
7313.2 3699.37
3996.85 2848.11
3737.45 8479.92
145.99 1916.42
4983.53 4995.33
7277.96 5232.71
7422.78 4818.3
1144.55 1262.46
4102.95 3929.09
8213.59 1197.95
5342.5 5779.17
8640.32 4433
2592.09 8519.02
6765.11 4648.86
6860.69 6013.96
1491.95 3822.34
4435.71 7194.94
8057.29 8044.09
4180.65 5895.57
908.076 1621.74
8368.26 2305.76
3874.52 9395.68
4186.95 6532.89
2830.09 3426.34
4300.75 6394.01
