3000
0 0.791
2.958 3.296
4.013 4.308
5.508 9.752
0.879 8.85
13.941 5.619
8.351 12.843
18.506 20.857
17.623 20.392
27.366 22.169
2.165 12.316
22.859 21.674
32.868 6.98
23.418 36.064
3.962 1.738
26.169 26.551
38.564 48.643
32.74 13.957
24.92 27.944
46.475 23.923
5.084 16.839
33.301 14.71
1.763 21.073
75.005 59.267
0.397 20.675
58.508 64.948
6.906 44.686
38.425 31.629
32.121 80.055
91.91 58.539
87.334 34.104
92.492 52.667
85.086 33.076
60.932 35.572
3.693 39.495
79.855 113.961
57.405 115.695
72.365 94.209
15.061 80.795
106.824 102.596
19.197 88.964
0.81 96.733
42.245 121.007
102.806 31.72
88.742 15.444
75.665 116.783
73.353 51.673
30.982 33.21
87.337 28.195
153.591 55.042
86.855 137.369
120.042 77.106
82.109 100.959
118.333 15.654
2.48 84.658
138.756 51.843
8.264 56.377
30.564 163.197
78.217 141.781
182.941 92.316
198.487 170.151
166.934 146.626
131.099 204.031
141.75 41.75
178.256 190.408
152.6 64.285
3.547 78.521
49.207 82.863
104.681 23.242
74.726 138.503
152.219 156.683
36.363 153.114
139.238 237.085
228.849 4.146
60.066 21.551
208.746 82.387
191.781 226.161
121.593 190.352
63.103 3.473
187.718 185.385
112.689 263.341
90.952 264.37
227.53 54.244
61.81 175.797
32.11 65.4
259.31 51.636
46.349 161.65
117.047 263.924
179.449 269.827
235.984 263.311
116.4 243.415
21.57 35.74
76.66 86.497
85.006 243.602
156.523 30.454
50.91 37.754
146.723 96.089
316.116 32.208
60.102 81.605
228.732 203.993
227.823 128.636
28.876 120.347
305.055 248.73
179.642 283.132
312.141 244.056
72.948 9.873
188.682 183.131
76.668 194.613
286.756 115.644
316.629 242.821
187.377 352.991
116.135 281.149
142.568 28.28
230.271 162.859
195.255 193.787
327.068 24.475
147.677 325.494
79.172 83.595
121.431 362.305
318.585 262.737
114.655 46.017
132.967 37.98
5.466 83.409
340.654 402.728
50.178 202.933
407.211 43.006
368.316 195.694
56.15 165.468
329.262 60.064
33.386 261.359
410.065 342.583
91.579 296.638
421.365 314.453
411.044 17.309
370.572 262.253
323.017 385.107
251.048 175.809
327.037 176.66
331.546 131.719
26.358 138.11
414.717 112.348
418.52 142.353
451.311 228.927
322.528 178.719
375.048 446.52
115.531 251.536
221.042 123.225
327.925 98.298
212.175 346.101
451.887 461.717
305.022 12.817
116.562 70.981
163.789 154.475
181.153 334.625
485.38 316.392
501.462 364.763
277.088 341.732
32.857 495.699
508.431 195.553
262.749 174.407
89.509 441.843
173.989 163.739
171.563 430.34
230.167 391.84
268.575 328.185
451.767 54.997
413.563 360.792
256.853 252.516
412.36 210.716
182.356 482.826
564.481 425.507
86.098 55.13
73.776 68.183
68.787 516.332
439.031 400.692
171.158 302.974
279.656 164.327
111.165 1.949
352.964 244.743
479.584 14.577
17.048 65.943
427.01 24.195
56.277 193.907
340.388 449.754
194.176 547.651
497.483 160.01
537.564 530.277
424.201 376.715
307.683 481.72
372.782 543.092
423.757 226.545
486.794 449.288
351.437 632.602
215.668 380.928
111.749 49.163
156.575 249.906
218.71 160.909
432.008 397.489
247.763 26.358
643.833 471.516
212.377 173.914
15.948 523.605
422.545 576.616
14.733 597.82
604.323 205.883
254.65 45.42
261.494 179.251
438.876 416.049
206.032 453.309
87.978 601.051
51.558 194.842
3.154 625.239
666.414 105.854
48.391 227
489.042 658.297
536.808 652.882
9.868 11.975
491.374 402.523
159.789 329.488
725.379 347.916
632.085 277.692
699.072 101.24
657.414 93.155
21.349 480.776
484.279 468.188
85.3 214.216
731.349 149.115
298.637 37.464
252.481 735.905
543.234 277.808
447.775 475.028
348.657 381.377
684.228 616.516
71.424 94.147
116.529 369.58
591.875 594.089
39.132 610.073
400.66 408.49
686.638 315.194
735.464 166.356
301.185 256.647
537.98 516.696
107.452 707.401
521.11 191.742
236.056 277.502
155.801 816.118
514.605 430.48
743.434 724.05
488.957 287.205
498.68 473.791
492.626 416.836
595.586 522.726
238.468 494.858
637.494 268.311
753.386 813.73
556.254 253.703
790.332 737.665
154.175 58.231
583.648 685.957
729.397 386.606
445.862 230.552
26.232 262.22
180.32 622.026
586.565 118.978
668.522 81.728
325.831 208.706
22.673 662.529
501.402 138.704
778.748 460.044
39.111 782.371
131.128 833.964
747.535 658.277
249.093 304.572
154.164 896.873
850.605 87.3
806.583 776.899
193.777 872.224
656.935 514.878
335.599 545.441
334.838 356.625
855.235 657.549
32.723 759.294
809.897 606.82
804.244 874.967
932.753 561.685
16.674 328.228
360.553 903.335
639.033 901.71
334.976 711.261
86.587 508.214
846.65 103.426
556.761 107.342
176.008 434.079
13.467 350.438
811.875 138.938
149.06 261.417
801.315 673.706
964.771 954.527
991.304 186.804
529.278 517.288
134.479 486.267
97.739 638.139
990.606 114.07
833.278 812.97
118.13 606.576
445.372 688.546
357.208 67.071
760.642 162.745
85.797 90.546
578.948 966.717
538.835 956.38
940.446 284.686
279.853 265.239
432.324 112.705
919.921 628.156
968.821 364.636
183.184 43.123
126.531 389.823
764.243 117.531
30.511 976.469
849.737 64.457
921.684 99.015
993.91 712.841
349.188 578.489
527.422 604.213
1027.91 603.195
254.971 901.419
12.576 630.715
573.4 923.567
311.163 1036.18
996.422 527.279
899.076 692.086
911.55 323.062
67.8 37.163
95.494 116.626
624.051 344.412
888.757 517.899
308.903 840.867
154.665 545.606
120.432 719.098
556.502 1119.72
869.85 583.568
82.635 3.802
489.762 478.57
858.733 628.181
882.095 20.292
703.989 467.655
917.461 78.753
224.515 130.887
780.737 311.559
547.443 1157.63
608.583 914.785
927.291 192.55
770.319 1046.14
575.595 809.097
407.861 1090.68
828.512 205.014
726.198 822.483
617.541 25.616
681.424 1058.54
997.353 359.585
237.389 687.996
529.319 744.793
141.09 22.544
703.421 113.388
364.804 233.547
1121.7 240.977
985.776 674.446
0.74 531.832
1131.7 402.794
1022.35 386.025
1144.35 677.226
517.52 1220.97
1185.54 475.27
986.337 225.864
899.326 443.845
1250.67 290.677
554.1 767.952
694.645 998.304
312.904 1180.24
1068.82 428.537
661.259 984.323
1211.45 1207.88
1057.99 680.945
1009.36 456.123
1078.31 22.945
25.003 294.111
1204.81 1036.27
445.847 553.17
49.944 984.698
132.214 101.68
969.37 1219.32
170.176 105.093
1056.27 825.614
54.73 918.337
650.354 282.173
1284.88 551.723
162.459 1170.78
710.138 565.513
598.472 718.811
645.113 681.804
1245.22 598.686
842.51 1259.8
802.422 863.91
1077.12 975.216
1340.83 624.347
122.85 254.328
364.679 447.677
674.613 459.437
349.832 600.268
1215.16 1294.15
226.069 888.287
782.456 103.719
890.423 482.955
262.629 635.668
841.368 155.48
539.987 356.154
317.97 913.645
833.502 1003.47
376.3 386.958
632.017 875.958
777.458 829.555
1182.47 70.575
494.716 893.407
1281.41 753.888
1325.15 474.443
837.29 386.249
1253.43 869.396
69.016 920.029
407.023 883.449
173.082 543.038
591.835 721.756
178.802 744.073
968.226 825.485
940.601 767.269
1188.17 1020.98
781.412 495.71
207.46 1000.26
166.089 1216.27
426.91 1348.53
345.669 837.374
1387.82 1148.88
1157.4 716.547
1130.4 389.615
145.717 1065.05
76.816 915.097
139.701 224.06
1189.54 949.183
285.517 1151.71
1159.01 340.582
426.313 618.292
378.938 1189.99
1035.07 1081.81
697.548 1307.76
201.93 1281.49
1113.38 1255.31
1472.1 558.386
254.632 535.462
640.271 917.666
1212.42 793.547
224.255 809.368
1064.26 967.678
1135.44 1053.56
250.845 246.223
1105.31 401.249
738.232 1225.62
33.46 1362.45
616.847 384.042
709.171 26.306
505.965 1397.14
718.712 1100.66
829.209 283.905
1089.76 1546.8
1494.09 930.7
221.368 1362.16
46.32 240.919
14.025 1475.96
1323.27 124.838
1181.1 960.512
281.184 1028.89
291.981 487.862
1584.13 753.499
77.963 1476.64
822.311 948.884
232.209 493.939
1110.39 1398.87
563.478 454.674
1240.73 1306.53
736.335 1255.98
1365.47 158.557
1109.94 654.46
1547.71 1195.62
1638.7 277.291
1563.1 1059.31
451.876 1305.22
341.067 1036.27
997.689 40.784
200.958 1417.31
602.287 1121.3
1620.73 1314.15
914.253 1466.55
291.453 1275.52
421.773 1105.36
1032.41 1467.47
491.959 639.106
688.329 1111.28
1566.18 684.06
1467.98 1051.49
288.173 1458.81
1560.78 550.715
1296.79 650.701
300.106 1284.18
1156.14 720.675
678.918 348.98
985.367 282.866
1269.64 697.384
68.194 1393.36
601.519 1557.36
248.54 705.653
1642.5 603.523
862.204 913.822
1343.25 710.74
1280.27 80.152
1011.85 605.842
935.607 145.633
1656.69 1423.57
168.539 1535.89
157.054 161.548
64.116 728.275
762.844 639.153
487.556 1181.12
708.373 864.007
1160.8 100.769
1642 261.853
436.281 464.774
717.421 1707.08
163.275 305.04
260.898 1258.35
980.972 1711.92
958.582 1346.13
202.82 635.411
1797.37 1187.88
1052.74 1597.47
1778.5 907.717
1811.22 1007.27
820.274 392.789
547.453 691.554
1700.98 706.219
1673.33 1478.25
1237.9 409.734
1702.66 1355.72
1497.43 1244.53
725.165 323.327
850.22 742.713
1235.78 956.625
304.602 121.559
1180.69 840.133
1058.96 988.971
1361.95 613.251
427.815 91.501
412.819 1240.37
1421.13 472.22
1423.14 915.417
416.611 909.301
245.567 165.243
303.978 816.416
193.076 847.406
569.016 1720.35
1050.42 1526.93
23.401 1859.32
549.443 62.632
764.521 226.223
229.712 56.753
1867.26 599.247
662.951 742.752
187.661 1805.09
1005.1 519.421
907.065 1338.59
218.261 714.438
1135.12 356.586
1298.23 845.927
1071.26 1243.43
998.031 370.886
1787.3 1356.04
1899.69 960.46
1390.84 1889.63
1749.13 57.78
1005.49 452.815
1864.65 488.08
1878.32 1695.79
962.967 704.925
785.219 1947.21
344.264 288.899
1605.04 442.005
897.454 1158.18
629.952 1937.36
1858.26 687.432
1407.24 934.215
1449.83 503.899
120.863 22.931
490.661 762.44
1927.51 496.015
44.444 1559.59
523.235 1389.09
1777.89 1946.65
384.333 1457.63
33.823 125.092
1933.99 215.752
1615.41 1382.48
1543.12 795.375
2.999 1958.74
999.802 812.854
1196.83 991.135
1335.09 1323.05
310.446 1491.72
12.592 411.309
161.029 1023.12
1611.73 1883.36
527.407 1837.51
2054.43 1877.81
1718.83 997.85
39.946 999.491
1251.56 570.369
310.294 1993.15
1013.67 1715.46
440.395 216.686
318.859 774.749
806.487 1938.43
1490.44 347.335
764.202 1112.18
786.96 97.031
1914.77 2009.18
1049.29 255.642
1868.49 1531.78
1173.12 1239.49
792.991 63.99
1601.78 2105.69
849.689 737.502
1266.06 1177.59
1696.77 258.31
2011.36 374.171
2019.87 194.075
1262.81 82.019
377.502 1764.97
1469.09 1358.6
1517.19 690.933
423.199 619.11
1685.73 1.052
43.812 847.728
234.455 1879.74
2073.84 38.571
1370.04 350.255
1474.46 1615.42
193.162 1039.59
2088.8 795.001
985.064 83.392
493.822 152.868
269.38 296.913
1624.59 412.021
43.984 139.88
1604.48 935.26
352.624 637.736
1680.03 685.504
1366.1 2120.82
205.6 944.161
681.536 1335.63
255.203 60.494
156.999 26.458
213.212 1527.74
2123.19 2000.61
1008.72 782.844
624.449 1372.96
297.705 2128.04
319.026 509.209
1354.82 1146.49
127.575 1588.54
804.98 1409.61
884.977 1998.23
245.901 1008.1
721.268 271.872
1691.56 1109.25
2193.35 1577
1426.92 832.565
1743.79 773.476
457.642 256.416
1911.25 314.662
1245.4 2101.72
1830.31 271.294
469.084 1248.31
2192.21 1294.41
1034.79 767.694
1702.5 2234.57
1003.51 2273.15
469.677 441
210.052 205.73
2135.33 314.1
824.972 1716.27
254.366 358.449
1700.63 1164.25
479.422 1359.29
932.927 2028.63
1460.67 758.342
1112 1977.08
1803.35 615.287
1314.6 721.007
1410.48 101.816
464.518 418.38
1804.45 2059.76
716.797 579.743
1206.24 380.065
2083.23 860.078
892.525 2310.72
960.371 0.89
323.812 357.596
280.311 2009.05
762.357 2081.9
619.558 396.958
1819.35 1482.83
25.208 369.95
2087.58 1975.59
235.87 2031.3
198.719 457.578
244.994 1857.23
2195.25 6.697
1098.54 251.416
1367.75 532.091
457.316 425.394
739.218 2024.48
1580.84 2001.48
1614.8 1903.88
75.933 587.128
1264.54 1607.24
2232.35 1922.15
1766.44 99.777
779.744 724.339
1449.63 1038.75
641.74 1148.87
2367.1 630.009
697.011 2183.97
1389.11 1382.84
286.03 147.804
1563.49 2416.4
2120.34 2226.34
2038.21 501.834
222.169 1810.06
2370.36 2090.34
2173.88 2375
1800.89 1673.39
1010.1 1392.29
91.356 2493.26
1996.33 2437.46
1877.81 1127.4
700.881 424.087
2098.55 1999.25
940.283 1025.5
1779.43 379.796
1091.93 1578.83
1028.5 1449.42
2236.86 1238.34
2435.11 1233.39
1727.91 2009.91
2507.73 965.399
1045.4 1530.83
1151.27 1852.92
1668 2244.26
581.554 202.439
217.656 2297.59
589.529 1636.13
670.723 1133.69
1221.27 1655.68
2442.47 1455.93
387.647 2263.45
1837.32 749.235
1082.72 1272.68
2032.48 476.241
1166.43 467.364
320.911 99.841
248.903 1489.57
1722.54 1363.75
395.837 472.952
355.198 2077.01
1660.16 156.403
2177.32 10.811
2102.45 720.242
772.344 147.633
828.531 2458.93
1344.64 1780.43
285.366 1762.18
889.494 537.242
2062.8 575.739
2147.88 452.215
2448.14 645.497
1664.22 407.065
2372.85 2613.23
1681.53 1991.42
2607.57 661.786
1187.02 2421.72
2491.59 867.818
2226.67 1579.04
1306.1 776.806
1933.28 2397.53
1852.23 1332.29
2322.64 1106.97
270.413 1824.77
1806.07 2543.93
1564.75 2609.82
645.873 64.359
1346.88 190.201
473.481 1855.87
1273.15 2356.78
675.772 298.181
550.167 1520.97
2642.29 1786.56
498.36 1292.25
2309.18 2441.33
367.763 1984.85
199.587 163.453
605.786 1601.44
519.587 1591.28
681.821 33.769
1135.75 1983.02
869.178 1167.33
901.901 1570.59
1576.93 1282.51
2374.28 1810.49
248.822 666.891
1885.04 2148.69
1193.08 2346.71
1720.88 2484.36
174.013 1579.3
724.874 1155.21
1810.11 2337.39
260.647 1296.08
87.007 758.865
1768.02 1883.13
202.494 2158.13
2660.61 379.779
1096.15 1102.7
2468.16 1795.5
2339.8 1418.72
1966.05 1405.86
2402.13 519.475
1811.77 265.692
48.802 123.842
1999.81 568.877
1067.55 2028.62
1950.67 799.17
2010.59 1540.95
1966.56 1897.08
824.706 452.107
11.596 1836.44
977.28 1239.33
1655.8 2012.7
2543.87 2374.01
2706.73 1860.44
2289.71 2563.53
739.112 2595.8
805.487 2214.83
1995.66 1992.59
1721.13 2644.5
2411.67 1678.18
2506.51 895.761
32.859 1604.69
2374.77 687.885
2122.77 1607.46
1444.46 1967.75
1445.73 1414.03
2335.46 2666.82
900.069 493.162
2775.37 2720.41
1247.7 1019.04
349.283 1814.73
2199.02 1536.45
220.525 761.422
909.102 0.767
1900.06 732.159
2812.8 996.57
605.109 1687.29
1906.12 1506.49
651.011 1370.33
1177.22 1107.27
2167.29 919.717
908.87 509.33
693.368 2574.77
57.443 433.43
2626.49 921.364
1440.86 1684.86
246.395 817.806
2866.32 977.647
535.277 598.153
2308.17 470.969
2818.41 509.361
1699.31 1354.73
1477.01 716.87
524.845 1959.7
1217.27 1565.17
1918.89 882.383
349.825 1821.04
2976.56 2306.43
2311.05 899.189
2123.47 981.415
1867.56 1860.41
1641.69 1180.77
2268.03 141.62
156.36 2042.6
806.573 1249.22
1633.59 2307.59
457.709 2632.92
708.4 2636.19
427.236 2332.85
556.868 733.959
1716.23 2231.57
2064.74 2519.99
2100.18 2947.59
1039.97 497.185
306.632 613.954
1816.95 913.744
2030.77 754.967
2199.4 1241.55
2535.45 3013.47
1811.58 790.43
189.418 770.307
1254.09 2777.63
642.694 2927.53
1238.37 1646.23
310.751 2608.95
2113.52 532.653
2316.34 1877.09
1772.19 416.576
1626.92 759.54
537.37 290.399
1819.49 2310.62
2781.53 1988.26
705.397 1684.4
79.465 417.609
935.984 1882.53
1370.25 1758.91
419.045 295.505
2753.28 2043.62
2155.39 1512.65
2882.99 593.71
1900.73 3099.75
145.917 1151.55
1810.81 555.757
2134.09 2799.58
2729.82 2922.54
95.883 588.268
1069.32 1341.44
1388.03 2109.74
1103.48 2713.05
920.049 3150.8
1370.74 2053.76
1424.95 3161.62
367.517 2593.36
147.377 1832.19
574.313 733.56
912.436 2556.96
2244.37 2501.67
1774.94 27.403
1827.51 1129.2
2384.44 1274.49
2957.47 2095.38
1047.02 739.323
2731.08 2037.86
1048.07 5.54
62.232 2393.07
1013.42 1848.92
1043.17 1978.61
1842.77 1368.62
889.906 2568.55
215.053 2964.78
1191.09 2338.88
2397.32 1654.03
1306.81 1205.24
733.308 3123.38
1018.18 2470.7
1993.68 2290.97
1391.11 222.722
3215.32 2323.98
1883.32 1329.23
2715.6 219.718
727.12 1043.43
916.224 2351.11
1329.48 2168.38
641.699 1577.29
1213.23 3083.6
987.381 1872.4
3100.51 133.061
1458.03 555.763
2947.42 2953.96
2407 991.532
2001.77 890.021
3114.41 1394.79
1408.81 1066.38
2133.38 1230.2
1658.55 211.655
1120.38 745.944
1011.49 839.425
2099.82 2760.85
2735.95 1679.08
2483.16 26.703
764.763 499.507
1973.61 1112.9
563.946 1201.31
2842.4 2596.08
1322.62 1190.42
1811.79 1178.62
2893.79 1437.76
1777.87 2446.37
2737.25 3344.21
652.333 2510.32
1503.65 677.86
2547 590.706
1939.47 1252.16
1556.01 1391.79
450.333 540.797
2229.22 838.541
1582.11 2128.24
391.975 260.309
2511.26 1968.32
1099.81 149.308
2144.89 211.064
2385.45 350.25
37.026 2049.16
1416.69 2462.73
2962.63 530.422
1269.1 3176.58
2579.98 2548.21
185.438 3021.84
3075.31 2173.98
2669.77 2321.13
97.167 2650.63
1635.75 2515.38
2729.89 2617.95
985.949 2132.67
3017.77 2864.87
1857.76 3118.88
2893.62 3226.37
2350.39 2924.78
1507.7 2220.99
1637.85 682.441
46.554 96.495
1146.73 1102.24
590.296 1642.21
2286.61 216.142
1204.96 3052.89
3157.02 992.265
2666.23 56.916
2512.49 1190.12
2605.59 2708.34
849.08 1241.17
3207.76 1128.14
733.798 2391.74
895.997 96.611
1479.01 1526.44
2138.76 2772.43
3114.85 1564.1
1862.85 1488.26
3490.37 2620.85
620.193 2667.67
1462.66 1139.86
276.631 2905.7
1875.14 3095.65
2766.21 1691.06
1832.11 1561.52
914.775 1002.74
3381.62 103.574
658.589 718.379
2554.82 42.628
1072.14 583.069
929.003 813.6
2472.51 2260.13
2939.52 3458.59
2466.37 1278.9
889.134 1875.12
1357.84 299.517
771.261 3377.64
601.048 346.058
1969.26 1117.86
716.714 1637.75
1350.93 3585.61
82.972 2790.32
3305.84 1117.73
1487.37 1003.02
2168.87 2359.75
1951.11 1958.81
1245 728.646
1529.12 1653.24
2238.59 3020.41
615.706 676.031
860.831 2638.4
983.164 2331.05
1915.94 3557.57
3215.27 1722.05
581.81 1377.22
2008.3 1879.57
26.318 616.407
538.64 3164.17
2422.47 2702.08
941.502 1984.44
3439.67 2456.93
2507.62 3413.73
3344.48 907.333
320.521 3228.81
2962.53 3289.9
3295.71 297.466
3149.27 884.28
1833.26 2818
1743.2 993.674
736.002 2551.14
867.854 647.808
2000 2907.67
1848.11 3058.59
2395.41 133.833
1859.89 808.369
640.238 1648.7
863.244 1349.77
2960.72 1728.74
2033.19 2934.72
787.734 671.724
2839.8 110.06
254.325 2311.04
173.084 402.058
2880.97 2349.81
1026.56 2840.94
2870.29 2746.3
635.494 2357.15
60.143 1862.17
2822.97 898.009
1086.4 3456.27
1470.02 3504.98
3543.15 142.81
641.777 2791.65
1877.89 551.67
3720.54 1833.56
2259.77 1457.97
1665.37 3752.66
412.419 3333.21
1340.7 3485.38
230.658 1301.94
1681.47 1743.22
2282.51 127.19
68.323 1797.95
18.779 233.114
1412.52 2563.47
2941.85 2308.91
2641.01 2817.2
508.459 3733.83
3806.77 2483.17
2811.61 2506.33
130.264 3571.95
3664.23 3230.31
1493.9 3475.44
317.772 987.173
850.035 336.795
2972.87 227.212
541.09 688.252
142.741 646.604
3541.44 2140.42
821.34 1147.19
459.359 298.085
2579.75 3068.32
2907.52 574.484
3489.19 3593.01
95.348 1556.99
995.144 1405.76
3712.2 2830.43
1487.66 1610.61
132.795 2891.58
1847.78 154.059
1904.58 3290.55
792.783 1349.28
2381.24 2875.63
1072.33 2094.42
1001.84 2022.38
1174.06 2247.51
110.906 1888.95
2028.28 1364.97
2771.25 2836.97
3696.44 3671.03
2625.66 1048.06
304.834 664.588
2136.66 469.46
1601.65 56.659
2535.83 3257.11
2912.2 2245.31
2170.96 1618.74
2263.52 3911.18
1642.75 2406.51
896.686 1811.91
2445.33 3257.39
2159.47 1404.69
2671.12 1330.32
3930.66 3299.59
2212.59 1462.4
2454.36 2363.1
619.244 3175.31
1935.15 3585.31
2886.56 338.227
2553.29 1127.43
3261.79 2543.32
3371.96 1555.93
3065.03 2195.64
1886.65 2552.75
2431.85 961.66
1992.07 447.502
1681.95 1442.72
2504.01 295.908
3664.89 3195.37
3221.29 1248.41
3375.04 3874.55
3249.88 1255.05
1524.53 2124.87
2029.94 2064.91
1494.87 1022.32
3412.84 3029.91
2225.2 1633.3
1953.45 2355.19
2532.86 3471.37
708.561 3145.2
3800.44 256.778
2173.5 1134.39
222.605 3505.48
3054.61 1487.55
1550.17 3417.1
641.475 3061.52
2853.52 3292.62
2914.92 1197.18
2857.15 588.481
3118.77 3111.05
3037.47 633.471
967.774 1748.63
2473.47 1330.92
1122.89 3639.52
3368.62 1910.35
3329.13 3361.82
448.183 3585.41
294.778 3495.69
2792.39 4003.76
127.743 954.193
3512.2 3552.03
3219.58 2193.44
916.38 3772.54
732.815 1508.91
2707.25 261.96
828.075 381.607
27.343 4097.6
3217.03 1258.08
3134.73 3202.01
1295.04 1054.74
1893.57 4040.92
812.106 2476.77
1994.58 1016.77
1567.2 1896.47
2275.36 3761.49
3230.7 3194.63
908.684 280.232
899.87 3698.65
3968.3 1973.79
1522.51 3588.64
2872.88 1951.16
2952.57 3214.07
1693.53 851.845
2382.44 1748.82
2897.24 476.108
3733.95 2213.14
2338.59 2547.09
1271.85 993.265
4046.03 3868.77
1737.39 3004.04
2518.2 3877.19
1433.37 3591.68
2941.86 2011.5
2284.32 1241.29
3991.58 203.266
1632.88 1457.2
264.296 3113.96
2312.45 707.801
524.063 3376.68
693.893 2055.07
3657.23 4128.23
1382.04 3660.08
2900.36 3697.4
2698.53 1426.2
218.672 3007.75
4036.24 1679.81
1028.39 4220.86
227.329 161.751
4178.59 2436.99
3767.31 2293.48
2404.82 224.293
1270.66 469.702
1786.68 2104.28
133.224 3319.89
72.916 2599.11
3463.15 878.412
3419.12 133.215
998.174 2236.72
186.311 876.836
1302.13 1436.59
2660.72 2632.3
1149.04 419.536
3158.45 3373.95
546.635 627.063
112.102 1176.46
1838.52 540.117
400.229 4200.41
3960.76 3082.67
3770.72 586.021
1924.77 1382.62
454.756 1490.03
1037.33 2868.15
3394.23 3351.68
4156.92 3223.44
1944.48 1826.87
238.69 3645.54
3962.14 2688.98
4194.87 957.697
3623.29 409.457
1203.89 1510.22
2687.82 1253.16
649.078 220.963
1160.32 2967.47
1045.17 1017.64
841.983 3518.39
1071.46 2509.47
356.745 3498.53
4401.91 2844.31
3243.44 4034.01
2751.7 2609.12
4306.57 2074.68
569.521 3388.75
2591.74 992.596
2361.08 1996.31
1119.93 4397.52
3527.83 196.68
2826.3 3046.18
3770.26 3465.24
2030.65 2002.48
1494.02 1237.41
3135.26 4308.75
3779.16 3737.75
3841.66 4039.41
3768.18 3378.45
4091.82 1868.93
1511.23 4308.71
686.18 365.55
780.896 3297.2
3106.33 1749.4
1347.42 2176.05
1857.26 4355.61
2862.72 563.356
4307.96 1076.26
3849.17 996.931
1672.07 1386.98
4300.71 3626.39
4504.87 1447.12
1780.18 941.199
1508.21 1056.38
1697.7 2802.76
3536.65 3649.18
690.08 358.316
1525.96 3305.11
2157.6 3013.13
3237.73 2046.02
706.336 4031.11
1404.56 864.468
2557.86 4156.43
311.722 1877.73
3525.26 1390.54
2685.11 321.142
1963.19 259.579
4511.53 1366.58
2232.35 4009.1
537.876 1692.38
250.13 1186.45
3915.27 2779.1
2025.79 2584.28
4529.19 1755.32
1448.03 4208.1
3771.92 3412.95
3497.86 90.073
2625.56 1098.61
3118.21 1485.09
471.552 3377.06
700.32 2601.48
3431.86 2364.2
2052.31 1067.11
1059.6 3869.66
4142.29 1999.12
2486.75 2779.57
3281.25 1638.37
1376.62 1855.78
3059.99 817.774
174.631 3014.96
1551.12 2056.02
1761.74 3307.64
2493.41 3306.22
971.661 3253.19
443.226 3458.73
3302.17 3136.1
227.763 2237.94
369.114 386.421
1364.01 3028.95
3040.85 2869.28
4575.7 3175.68
4112.92 58.618
1444.4 132.492
3047.28 4634.09
3062.35 2392.5
1321.09 3991.38
2465.77 3302.23
3824.07 1764.86
1066.01 50.513
4228.22 3787.82
3903.99 915.25
4528.85 413.543
3293.15 80.988
3071.63 4638.92
1851.42 268.745
755.394 1925.71
4055.01 1536.51
3055.75 1945.23
3217.03 2667.05
4502.9 4571.91
507.088 2579.66
1308.56 4235.18
2287.24 3608.57
2324.57 4507.16
4625.53 2006.04
179.214 3307.93
4666.27 4046.79
1618.11 1676.59
4309.48 642.528
4412.34 1590.81
4551.7 183.408
1106.57 201.389
4352.61 2850.12
2728.43 4465.96
4228.36 4199.02
4209.19 4453.71
983.398 4031.32
217.574 4467.98
2260.2 2044.64
128.388 3126.45
1502.51 1006.49
1558.4 1390.59
3776.07 1166.64
221.679 1765.52
1436.93 2362.92
3084.4 3882.01
3604.81 1014.62
504.023 3492.34
373.432 3447.97
1787.17 1675.18
3378.56 402.757
1733.95 924.522
3575.84 2344.82
2486.71 4388.69
3599.81 524.831
3671.48 2179.73
2471.82 2916.59
3671.55 194.145
1042.53 4078.7
4730.44 3143.47
1245.94 1255.92
359.741 359.227
3862.09 2329.73
2831.42 1459.88
685.395 4354.74
220.35 4355.49
4083.62 4357.98
4727.85 2049.98
7.809 2382.8
1408.3 3604.11
2740.53 3711.01
4219.98 3838.43
4379.19 3794.72
2309.55 3727.11
4093.18 2456.12
4614.31 283.99
2037.49 134.681
4513.85 4584.81
95.208 937.277
2982.09 176.485
4905.87 192.139
2678.78 4227.69
4219.37 1042.76
4364.2 1141.81
4470.83 2737.41
1602.68 4029.08
4586.95 1112.87
2667.65 742.181
2227.36 3068.49
3134.52 2785.35
4224.82 1815.78
4970.23 4368.59
1425.75 4416.87
3164.18 4886.69
3123.04 3437.5
3207.95 3634.3
3970.95 3354.83
87.268 986.983
4243.08 4397.17
2944.39 4770.3
4194.45 3645.44
1993.44 2724.77
489.384 674.325
4003.43 3339.02
1783.58 2431.72
2873.9 764.897
2873.74 984.675
3311.08 4358.19
260.691 1619.97
3463.18 197.856
1350.96 1115.52
266.966 4936.45
3296.95 1217.7
3905.64 4193.68
1608.87 2918.05
4202.15 336.055
3102.02 2425.47
4264.14 2367.06
2144.96 3330.01
4282.4 2182.34
4223.78 3080.5
3862.61 2840.62
2364.76 1371.6
4140.58 3175.33
3565.21 3528.03
6.759 3910.27
3078.49 1336.21
416.9 4565.75
492.355 1739.66
4169.13 2055.38
2971.21 2606.26
3002.13 2949.74
1779.49 3089.13
665.382 4711.61
727.296 3103.66
3884.62 4271.9
2351.02 1535.96
2247.91 53.094
4963.22 4914.72
3228.77 355.832
2694.1 2328.23
1554.75 3700.78
2116.77 4723.56
3412.32 2856.87
1343.53 125.467
723.315 4978.53
5031.65 2380.63
4779.16 2479.73
3254.32 3073.04
1901.64 2259.91
2788.54 1719.9
1929.13 2167.99
3062.15 2094.63
4196.23 1859.52
3625.76 3939.43
3799.65 4911.74
442.243 4345.54
2783.26 2485.68
4005.63 2977.95
1639.5 2548.33
2583.04 2809.86
994.515 4528.35
1167.06 464.178
1047.45 1791.33
1469 805.896
2427.32 2330.32
3053.67 3778.32
957.371 1139.43
817.617 2766.71
24.098 4593.1
4679.07 4172.96
3396.71 4055.53
60.499 514.4
2839.53 1745.46
1923.31 3603.02
3872.9 3.038
398.375 2811.97
790.625 1788.79
3802.95 4079.04
2589.7 3513.66
1191.63 4526.73
1917.47 1499.03
4876.35 2230.96
2110.91 3567.82
991.651 2119.8
1169.36 4182.68
1900.76 3166.43
276.691 972.121
1541.68 1383.46
1510.79 1315.88
1753.03 717.753
4718.25 3215.27
4307.15 2491.28
5134.24 1764.62
1927.88 3270.5
2098.7 304.268
4314.41 4746.75
702.717 3866.48
1769.53 1241.58
4397.19 2018.69
4091.92 2207.17
975.214 2990.58
3125.34 621.526
971.8 2785.57
1645.7 3462.35
418.632 2372.13
1757.44 2543.64
3950.41 1791.27
4903.65 3012.82
317.331 2769.3
2787.44 175.2
4825.97 5280.62
231.832 4146.85
1406.13 773.419
1222.75 4420.92
4838.86 4936.24
4104.33 3581.26
1997.32 439.049
3544.39 3771.56
3033.16 1767.54
4806.53 4936.35
1104.27 345.815
4791.08 3379.36
3875.62 86.779
2870.89 1400.47
4451.76 3834.32
3752.93 2179.38
1517.2 835.79
4537.67 1476.21
1865.18 4813.79
3274.2 2030.46
654.763 1566.26
3405.73 4639.98
507.224 5287.11
3401.65 5249.08
846.537 2101.65
1808.82 3335.52
3069.36 1095.25
4026.77 4414.79
800.683 4034.03
4777.74 2820.27
4992.38 4281.35
404.894 1123.42
3905.68 5379
4003.95 1611.02
814.05 2018.94
3505.67 4888.44
256.256 177.629
1773.62 645.529
376.33 1722.48
942.782 5070.38
4293.85 2043.54
2043.97 4203.42
2042.8 1921.42
23.016 2718.21
238.767 1882.29
4365.65 5508.49
5447.04 5008.88
70.759 2281.56
5182.46 550.522
4935.08 130.591
2279.3 2538.98
4963.02 1580.5
5188.82 1451.57
3815.46 4641.64
1166.46 4439.47
358.129 2873.4
3803.17 811.147
1080.47 863.055
4864.43 4841.4
1399.03 1321.97
4585.6 1150.73
1842.24 1539.35
4265.13 5573.27
5206.28 4881.73
1597.92 3555.88
2773.27 5036.4
3583.53 1562.05
3549.27 3467.4
3830.86 552.209
1694.77 3131.77
473.451 2244.03
958.209 2882.91
695.625 552.668
3491.31 901.525
5495.84 166.396
1762.16 3111.82
4034.26 3992.91
558.306 350.962
4440.45 957.512
1632.41 0.513
3918.78 5321.18
3812.08 5007.62
2383.37 3232.34
3289.01 4303.28
5388.65 3756.7
4449.09 3115.8
1211.21 5490.57
1666.71 3389.76
5145.25 5459.48
5423.79 5017.93
2432.29 5451.52
1926.29 4553.16
4971.41 1161.45
1126.62 3015.22
2239.88 3730.13
4118.02 1837.59
1089.38 3011.16
3248.32 5554.9
1731.46 2272.16
1789.46 2066.21
4926.16 4229.1
3053.51 1701.24
5538.4 1481.99
4988.35 2257.3
4027.3 2027.86
1627.43 4138.24
3979.08 95.268
3143.64 2782.18
3387.92 2399.04
1478.24 4781.63
1048.86 3093.04
1030.16 3882.77
4629.28 5132.97
5065.53 2492.61
3132.35 5181.53
899.301 5621.82
1487.83 2207.31
2996.78 72.206
3325.52 2223.61
1916.3 4419.4
393.916 354.176
4438.98 583.187
3165.83 983.449
1002.46 5638.51
1757.19 2231.55
473.616 2082.67
1678.53 5670.04
5039.93 68.131
4653.25 1067.6
717.574 4958.73
1030 2022.28
5796.8 3018.58
2539.33 4017.62
4924.85 4573.59
1641.51 4733.98
207.265 3679.63
1762.46 3294.44
2570.89 5547.12
5031.6 5814.53
4484 3929.32
198.762 2528.42
2318.56 2069.89
1968.37 554.979
3820.26 5670.33
3731.35 1635.64
999.165 400.625
2370.65 1330.28
1124.37 5560.87
2735.69 4291.1
815.647 581.832
2665.44 5391.9
669.807 5463.22
5611.01 138.58
1893.53 1874.48
3557.73 3971.78
49.919 222.624
2676.36 5523.8
1535.48 3426.8
5509.05 288.684
5001.57 2036.89
3723.22 515.081
5329.39 3220.6
405.642 1080.12
5266.69 944.74
2079.96 108.495
2459.44 4866.82
1054.69 5056.06
496.137 1027.1
4402.26 4130.4
424.864 1809.78
2884.71 4389.06
3567.62 3676.44
5686.75 2120.38
4556.53 5347.32
1588.64 4441.7
4540.46 1325.8
164.921 83.527
3723.09 2608.04
28.421 3434
672.634 2308.64
3976.57 4928.08
1529.16 2376.39
2701.6 1237.46
1917.08 3806.16
4323 4862.53
5844.16 4985.48
5805.98 5523.1
4692.34 1680.69
3932.28 4682.34
187.457 828.687
473.045 5759.83
4886.18 457.899
5149.02 2237.45
865.261 912.493
749.054 783.266
4860.32 2176.51
4874.94 3750.42
4805.12 3008.01
123.02 2663.3
3208.56 2762.85
5380.27 4648.25
3631.06 2737.71
1253.75 4680.28
58.682 841.337
3752.51 1755.29
5390.66 4022.72
1658.09 178.85
368.542 2703.43
1089.31 1526.68
5613.71 5593.98
3721.51 5075.5
948.143 768.949
3980.35 4165.11
1925.03 3781.08
670.171 3802.11
1017.39 5830.08
3840.38 4264.98
933.666 4196.5
6086.64 3718.38
1026.89 1363.52
76.214 1218.87
5170.25 4701.64
1546.76 4783.86
801.476 395.024
207.122 2165.2
5447.64 4644.04
5573.21 820.269
5082.12 4795.54
1416.65 5912.4
759.872 5638.45
5043.19 2612.17
1849.15 6106.08
333.972 468.569
2285.24 828.923
5222.38 4207.18
5430.46 2648.73
2812.1 3136.97
2608.85 3137.23
3648.84 3077.56
871.512 3242.23
1447.12 2237.61
1217.92 4761.28
5800.84 564.572
257.827 5798.48
2237.72 5580.51
4176.36 3850.49
5915.67 3535.87
5004.82 5327.96
785.235 2572.32
5764.42 1093.03
3563.66 5658.76
5600.83 1097.35
4801.3 3968.3
964.518 5124.28
2082 2979
4720.87 4523.97
2809.06 5463.43
1725.98 5117.37
4290.94 5361.45
4048.06 5500.83
2789.63 2539.09
5366.16 6143.88
1533.36 4055.27
3735.52 4580.56
6162.36 298.136
1671.31 1793.84
6237.01 1574.33
1637.15 5272.5
4902.17 1459.2
304.084 922.166
4802.66 508.048
5852.05 4307.88
661.999 2032.36
2766.23 742.463
1282.5 1009.62
1771.99 2226.86
4839.74 2743.25
5936.59 3170.49
2035.52 2849.46
259.108 3590.65
395.359 6214.87
1713.31 4312.51
1936.84 3863.65
178.097 5879.75
6126.55 35.084
1351.61 5271.89
2936.21 4169.32
3056.34 904.107
3391.14 2510.49
4850.99 760.586
5483.32 794.513
4541.36 3737.68
2750.27 1540.53
4385.65 970.777
10.096 2887.37
2468.36 2516.82
985.148 3312.06
1107.81 1853.11
4795.55 4526.13
4703.13 3310.09
1773.87 1480.94
1265.67 131.515
5939.74 648.623
2835.39 1622.36
603.65 35.045
4772.68 4542.81
4898.86 5033.76
3228.61 6091
742.074 3605.44
649.798 4592.45
2671.28 3064.78
6254.93 1876.93
6307.27 3976.93
5977.48 667.572
17.539 1285.31
3987.99 903.678
2545.99 1445.06
2518.85 25.537
4280.73 3059.3
6198.6 2958.38
2706.63 3089.53
4151.24 5928.68
5217.86 4418.31
1857.12 3034.33
890.639 251.477
701.117 495.516
3955.67 2022.12
5670.48 4288.68
5277.2 4948.64
5693.27 3966.03
6382.63 888.375
1818.07 799.154
1312.57 5333.58
169.521 1927.4
4224.96 456.493
6336.24 303.683
3820.11 3389.51
2944.26 148.016
2193.72 3688.08
1844.94 119.48
1294.14 5563.93
2981.15 3434.03
4650.78 1183.1
4594.3 2368.48
3272.19 228.971
5097.39 5069.34
3642 1675.71
4811.44 1390.57
2101.45 5332.01
2031.72 2385.8
4038.21 6310.73
2975.03 4027.77
5142.7 2374.16
591.1 2483
3226.74 6016.41
677.584 5105.97
4499.77 5854.6
5104.16 3159.72
2217.94 5035.36
4021.55 407.705
703.563 6141.46
442.445 1889.92
3442.75 1916.48
4983.73 4995.55
677.956 5232.71
819.523 4818.34
4447.93 1262.52
797.948 3929.09
4907.01 1198
2034.31 2470.91
2020.32 1123
5903.79 1895.74
138.542 1335.66
3545.69 6013.96
1492.01 3822.4
1117.41 3876.78
4737.29 4724.09
859.08 5895.67
4231.43 4945.07
1718.26 5630.76
547.891 2742.42
858.738 6532.94
2830.09 96.339
4300.81 3062.37
1808.03 6128.61
197.524 3480.5
3498.66 1837.29
2677.51 3836.63
5038.52 6043.7
5596.47 3024.23
6192.12 647.279
4380.96 1619.24
6641.81 314.839
2639.69 6669.14
2423.27 3032.34
6096.06 437.128
346.712 6425.92
3033.68 572.333
1116.67 2392.87
5226.98 5532.94
683.898 6388.66
2476.13 2666.04
1501.52 1897.87
3835.2 2428.06
6113.7 3754.27
3670.59 6059.1
4536 618.45
2435.33 3295.03
3318.04 5273.09
1447.9 4319.78
6222.14 6452.84
6337.14 160.281
1263.26 5998.12
6699.02 2458.22
3964.15 4829.06
3999.43 2719.58
2908.53 2277.25
3253.74 6596.7
1957.33 232.459
742.365 847.021
4188.57 2236.65
5050.81 3651.37
4730.98 186.951
4849.54 6469.28
5939.19 3593.17
264.117 5712.33
6621.44 3941.73
2879.64 446.189
5260.3 922.184
1963.51 3466.57
2976.51 1849.92
4470.32 2652.78
1606.09 55.283
1042.24 3174.18
4045.79 2196.27
1790.19 909.294
6673.66 4453.21
2866.39 322.604
4868.15 6731.13
1979.33 4349.31
1889.76 3649.7
3060.88 2953.85
6835.08 3963.37
6078.59 5999.3
4545.42 607.878
3341.37 465.534
6495.91 4919.1
695.663 6563.3
6524.1 2123.3
4194.77 1458.62
2554.76 2870.55
872.855 4917.07
6364.84 1469.74
239.787 4.544
958.212 402.063
4572.72 4709.36
1091.37 4559.07
2554.7 6245.43
3844.56 1448.34
3782.9 3360.2
6414.18 3016.86
6696.25 4887.98
3682.9 2364.86
2484.7 2704.17
2075.72 3105.03
4109.97 2758.13
5297.75 4490.72
6814.12 5367.36
1436.05 737.348
1152.58 1118.83
853.608 6403.77
4338.9 2221.98
5678.83 2168.68
3065.16 5797.34
6564.65 1477.28
6851.87 399.416
4484.94 1723.23
5792.96 5498.27
6716.88 5907.82
5888.49 5258.87
3722.66 4097.77
5277.31 4529.39
954.908 1181.4
1153.21 3000.32
4383.71 2870.11
4707.11 1440.84
1345.29 4875.85
1895.89 6383.97
6131.51 2158.85
6589.24 1519.96
3372.61 1423.25
4460.68 4686.77
6606.52 320.936
5354.56 1835.46
4112.53 155.129
3806.68 4040.17
570.065 4137.83
6698.7 3567.83
4828.57 5924.52
2671.37 3636.82
5605.3 919.296
4041.38 4427.03
646.451 1286.68
2923.99 5201.98
743.44 4402.14
1046.25 5807.03
3491.04 2993.8
5979.39 6934.09
5299.89 1987.74
5787.46 3016.97
5426.43 4767.99
2401.43 330.743
5958.21 5629.28
2699.5 6624.31
6999.24 3200.16
6865.92 5898.76
1234.44 6560.04
1632.74 2851.85
2231.8 2923.11
2235.29 558
1221.8 4083.42
6077.69 6101.22
564.042 664.362
6145.93 631.645
931.099 2032.55
3943.27 3612.66
4550.66 5646.04
6565.82 7012.46
4505.16 1188.47
5941.12 6583.22
1106.89 6905.39
5725.58 1796.41
3755.55 3671.03
1586.05 1598.3
6541.97 1577.48
1221.19 5333.5
4720.34 5247.6
3230.17 1908.39
1355.23 1288.33
2591.01 3023.9
3177.91 285.311
3086.29 3731.92
1756.38 5401.78
5027.71 5271.97
1442.56 3300.74
3075.48 3691.99
3913.15 4701.29
2008.07 3372.98
2340.51 3475.86
3903.57 5230.18
3383.69 3960.07
3589.36 4005.38
1097.45 2556.73
5934.24 2586.35
1863.84 6649.43
5088.67 5314.2
5071.82 6062.91
2531.61 531.714
1851.31 6171.8
6074.54 1314.51
876.678 7197.36
7055.95 5125.55
1629.55 2736.32
4382.03 4260.57
2118.67 512.205
549.162 3490.93
3411.54 1675.89
3627.19 3861.25
6774.47 4186.15
7091.15 2687.59
4847.19 5933.23
6207.31 3634.93
4914.19 3705.74
1338.69 3435.57
5393.41 5905.05
6364.79 6572.15
2385.32 4011.05
6467.8 1853.25
4378.03 6533.49
2648.97 4213.94
3010.21 3949.48
4553.58 5436.86
5163.49 7140.32
4711.35 3841.36
6563.12 3455.58
1769.77 4952.45
1364.15 4064.59
2493.12 895.574
4177.04 5685.93
5987.86 2115.99
2849.83 4845.18
4115.78 3916.36
4296.73 5437.37
2911.76 3429.88
2694.88 1802.01
7173.07 6040.47
505.633 4608.03
5295.56 2887.14
4520.43 1827.53
4294.79 71.26
4599.54 3436.56
1669.31 4257.15
4719.89 6457.78
5651.96 3263.12
410.083 4154.85
5072.37 4923.47
666.462 5086.45
1880.64 2417.14
206.968 6449.6
1045.08 2548.23
1439.53 6821.9
2479.3 302.624
3236.01 2283.23
1020.31 1675.6
480.779 4130.25
1984.12 5707.14
6074.75 6838.42
7152.01 4717.65
6383.67 5839.69
646.275 5559.07
1577.4 3292.94
5390.58 4369.63
5220.72 2255.24
2665.17 6333.45
6373.87 5951.85
373.703 1220.69
4294.77 6429.51
5577.18 3134.34
5018.49 157.445
4399.61 4046.39
5538.87 1596.06
6928.49 6927.04
1197.53 2280.58
1602.4 224.649
2874.5 107.88
2580.9 6894.18
346.675 6295.32
2820.94 5345.53
6429.66 7353.65
6761.87 2650.98
1058.18 3171.99
7262.23 4359.54
1105.83 2980.1
5807.76 1874.27
1391.37 3836.58
942.62 1466.87
4892.29 6676.22
4036.07 7426.15
5353.78 5355.99
1754.69 6078.73
2669.38 1786.03
3730.97 3997.35
944.634 7426.65
3705.44 4142.29
4149.66 5993.03
7048.72 3176.51
7018.55 1187.11
1978.29 1075.38
4990.05 4807.52
4755.18 1010.02
1845.39 3109.97
4933.88 5210.36
3308.79 5787.39
5244.56 2176.69
2016.88 2993.78
2095.07 3652.41
4150.61 2056.98
7175.17 1713.15
3081.74 2955.21
2865.76 1750.7
5864.94 4967.64
6317.74 6985.23
7388.13 314.275
4871.69 6069.16
3677.14 3148.89
1387.81 1014.91
7435.6 7264.35
5519.67 687.014
5776.39 525.128
897.309 5571.42
3936.62 1110.06
2569.96 7472.35
1292.97 7531.22
7453.71 3654.25
6589.12 3195.59
69.369 6856.24
3158 358.417
3183.54 2957.83
3194.24 4965.16
1229.73 3921.41
3578.53 5552.84
7389.41 4395.11
4072.35 4238.98
5516.21 2717.16
623.185 7339.16
6542.41 2305.08
3442.92 4565.51
4900.62 6828.36
2182.82 6997.51
1291.43 2151.1
5168.52 3180.89
6651.87 4012.91
4736.27 1893.7
5006.56 5517.69
3085.06 6287.79
4512.02 418.226
4324.12 7655.02
6958.96 2129.02
905.656 2068.52
688.14 5828.25
7572.56 1091.49
1155.21 7293.65
912.711 315.014
553.171 5011.4
1528.77 4167.35
2323.21 5180.53
3330.23 1033.46
7421.35 7600.06
6717.66 2674.87
2798.34 3469.41
4805.82 2179.8
3202.73 1185.91
1887.34 1607.73
5071.65 1671.07
5168.54 6453.48
4238.2 4076.02
2832.25 1066.39
4270.39 2734.54
1488.77 6260.85
6092.4 6835.02
2546.88 226.93
7206.13 7579.1
5017.6 6805.02
248.261 6729.21
5967.91 6548.4
3471.61 4041.05
7140.16 2317.41
3221.18 1035.47
290.198 248.713
941.505 3522.54
4906.23 5887.32
3337.16 227.854
5026.52 1815.92
3622.22 7644.48
6893.67 1588.66
1626.91 4275.54
6507.72 2773.7
4950.69 4856.31
7636.6 2011.38
5983.74 3749.27
1428.97 6664
222.956 1110.1
4698.27 7.523
5139.22 2364.5
1541.65 7539.07
6963.69 6376.54
4533.86 7882.47
543.906 3075.45
6885.07 3790.48
4102.22 5717.57
5038.58 6549.47
5287.66 3381.11
5566.85 5745.75
694.722 4394.27
6354.82 107.187
6416.75 4734.56
3272.39 765.092
6568.18 7056.95
433.129 4042.69
7214.46 7611.34
5085.41 1040.61
3124.06 5212.06
4688.78 2184.12
4666.98 2555.13
5114.78 3282.37
6533.69 4890.88
2132.16 1246.43
4831.33 3614.67
4120.21 2252.22
6373.63 7655.13
7030.46 7048.83
1126.37 1879.18
7054.69 6648.68
7096.89 706.039
570.977 619.271
3415.61 5135.64
2289.17 3140.42
4183.58 5780.56
1624.58 7254.44
936.858 6223.47
977.048 6066.78
877.109 4792.86
1398.66 2907.09
2504.88 862.913
1265.79 6670.04
7278 3781.87
4438.82 7471.18
3113.94 590.572
587.56 838.115
5156.23 7511.64
1988.33 5605.88
1868.46 2065.27
6321.56 7056.92
251.325 2454.71
2175.24 5994.19
5956.93 6490.99
4183.51 2956.61
4439.72 7050.33
7299.69 5415.24
3839.78 1970.43
6326.45 1869.85
3624.28 3023.14
2275.91 6301.48
297.256 4796.57
4780.26 6739.46
5361.8 4993.68
237.991 3345.57
4212.06 3306.71
3047.68 2784.65
3209.7 5919.65
4232.04 1849.79
4992.77 7534.26
5216.92 7207.28
2329.68 4209.01
4493.26 7540.77
6553.55 6378.49
1923.13 7983.34
2405.79 7497.81
2427.61 6012.8
2692.54 5599.93
3406.52 7457.1
2901.78 195.225
6906.1 3330.32
3523.5 2236.37
1878.34 3753.04
8105.67 1541.73
6653.69 3462.36
3235.15 436.183
7674.8 4455.41
2302.91 4886.77
1192.67 2795.99
6240.14 6860.27
585.203 342.518
3026.49 3054.1
6368.22 2598.91
2281.71 4826.2
1253.33 4954.02
1229.18 457.813
5556.82 7666.4
3482.78 7120.35
7249.34 5968.13
7704.87 4561.41
6137.64 594.987
1641.22 3323.98
7314.15 7071.96
3001.11 7092.28
7152.23 1971.57
6755.55 8103.66
4028 1923.25
7012.03 1470.21
4061.45 2811.47
210.307 1777.63
553.017 5345.02
2761.33 7514.58
925.643 665.719
5849.02 7596.94
2740.48 4734.73
6059.49 6872.62
5131.89 6336.92
246.096 2897.17
7956.24 4926.22
6673.02 3118.27
7247.92 4591.22
2451.4 6696.31
6783.85 262.214
1490.93 7151.1
16.153 5163.58
2085.29 5072.48
3125.11 3637.78
6976.4 2965.97
4665.03 5238.74
7846.77 3994.94
593.15 1752.56
258.48 5065.14
5013.82 6224.95
5201.6 2036.79
8076.88 6344.51
4890.09 4731.55
3702.61 554.847
996.895 3789.18
1646.01 3467.02
3365.25 6778.35
6686.6 7943.45
6005.69 4121.42
4299.68 2959.07
5449.28 3554.47
4494.06 2177.05
557.721 2809.18
2664.7 7124.62
112.201 141.312
6567.5 481.991
2216.09 1104.83
5653.76 3588.52
621.89 408.353
4658.98 3039.52
1845.93 1574.8
7143 6218.65
3393.35 5419.74
5638.74 6068.38
3499.21 3217.38
3638.39 4370.38
4567.25 5647.85
3199.69 1841.65
3704.54 2260.04
7063.31 5294.42
4300.34 7340.62
2393.79 7921.51
4109.95 3190.13
3669.5 4482.99
4524.69 5824.19
1374.57 1768.92
4148.75 1929.57
4012.09 5202.2
5968.7 3916.29
6975.17 5015.35
1515.01 7251.81
7719.19 5281.61
6607.98 1948.77
4561.58 3180.84
5612.63 1856.1
2028.14 6385.41
5145.34 6111.82
3263.43 2769.95
3083.32 5692
69.607 6446.85
1386.85 8202.65
6640.28 4744.67
6143.9 1000.2
1111.96 5145.87
3681.05 1322.06
6247.4 6380.06
146.524 4514.77
7736.09 7406.41
4393.13 1775.16
8347.5 2362.09
164.26 874.719
4438.88 2121.18
2969.59 6896.38
1875.24 2352.97
2201.53 3362.21
3315.47 5213.17
1100.68 5653.49
2902.53 4923.34
7083.42 3790.42
6114.44 2045.65
455.549 8311.39
1696.58 2995.76
1724.84 684.08
3753.18 8173.9
2034.04 8568.6
1857.77 1778.75
2360.16 7030.89
822.26 117.378
1963.01 571.634
6995.39 4109.36
2755.02 6355.14
1025.42 644.086
2841.96 5260.51
7440.3 4093.12
4920.5 5574.08
261.817 7299.39
650.581 7958.55
7214.78 6684.23
2729.42 4263.16
7837.02 6473.13
4527.43 1988.98
4029.57 367.501
536.959 4484.2
3352.65 8259.93
4040.76 3943.31
7796.45 5793.81
6922 667.998
6621.73 4796.15
5537.77 3520.25
7140.4 8155
1729.82 7564.26
4136.53 1938.72
4245.36 4522.5
4759.91 2246.71
6631.83 8332.1
6369.22 7920.83
3819.66 5848.42
3637.87 3625.87
3673.31 5598.36
800.782 676.699
397.935 6688.91
4432.76 99.58
921.812 3018.21
6982.11 2361.25
2186.28 8462.08
3184.99 1358.94
4430.48 2042.59
3543.8 1958.65
4781.91 1141.34
5053.21 3427.41
3075.33 7203.5
7791.47 590.438
6484.71 489.683
5641.95 3355.15
7788.11 5830.01
7027.9 4321.86
7979.64 1723.21
6375.62 1402.76
106.041 5997.2
982.083 133.338
4769.35 5835.73
2895.96 8378.02
5629.71 3712.28
8246.76 2468.14
3637.93 897.798
1753.1 3619.35
6191.21 5761.36
211.496 2482.83
5860.01 4747.8
127.939 8790.16
8759.76 6510.9
2916.5 5364.88
1000.56 4920.16
1059.16 1311.85
5468.94 7992.91
1302.06 2200.49
5531.33 7759.64
6740.31 3494.1
5721.01 6436.93
1531.28 161.769
3757.36 8804.29
5889.89 105.802
7492.3 1365.7
4075.92 7840.72
381.944 2326.36
2847.89 8018.23
3015.56 1641.26
5956.56 6782.94
2701.15 609.849
2735.09 6480.2
4712.04 5895.42
5070.85 3094.66
6706.78 5524.53
7972.91 475.37
4870.66 8561.58
1462.33 3418.6
4367.82 4735.11
2054.61 8842.71
4415.08 2961.45
7282.14 7681.14
2873.74 7448.19
4840.64 5387.64
8853.78 5631.19
4390.97 5206.33
604.961 2366.02
2146.84 231.512
5591.2 5270.99
5762.7 3603.73
6558.14 5691.17
89.413 3591.54
5256.83 8151.83
1569.99 7984.89
2984.39 3617.29
3639.67 5606.48
6588.77 1282.73
1850.83 1857.08
5138.76 590.01
8036.46 0.96
406.206 1658.95
8208.2 8223.97
7095.95 5917.37
6104.33 5365.04
5033.39 4422.5
5867.46 2597.49
6399.23 2068.47
1057.01 6177.17
7022.99 5340.22
5868.56 2692.37
8269.9 5947.47
6793.13 8450.84
7629.08 5949.53
5577.38 7297.41
2191.2 7284.12
5243.52 3663.57
8210.69 4012.19
6755.41 5053.91
6478.48 2297.84
6017.1 7496.43
2894.6 767.225
7817.44 6367.23
8917.7 1926.85
6471.25 7965.16
102.535 5754.51
8364.72 3613.41
5563.64 1130.28
6090.69 1242.66
471.743 8126.45
3585.9 2524.74
2248.83 1470
404.521 6454.96
6048.94 6377.76
1224.34 5602.8
5891.29 7799.1
5299.05 5667.27
6792.43 6082.34
5243.6 7574.91
8529.36 2014.91
7393.13 3797.33
355.715 6583.28
4676.15 2810.48
5185.32 1703.09
794.479 3881.72
6085.36 6489.16
8448.05 2029.44
8393.85 642.866
4979.29 8222.49
9114.81 8797.05
6802.01 2900.45
1884.66 2803.66
8683.63 116.451
1369.51 3911.54
2091.79 1359.21
4252.31 6015.91
151.624 2902.73
2183.44 4312.88
9098.84 9108.56
7934.96 7443.87
4101.48 1854.01
1652.56 3473.38
2300.66 1343.31
670.398 1770.62
5147.17 4320.07
4332.92 4693.81
2423.16 2041.01
636.445 5158.47
141.598 6064.31
3041.8 9055.93
6251.95 2392.51
6178.22 2948.55
1959.88 7515.47
3339.64 3449.81
8612.92 3840.65
1084.79 7484.38
2041.92 3150.7
5693.94 4513.29
3509.08 3224.54
3959.14 7746.71
1986.4 8743.51
7910.17 4728.38
7332.71 1024.13
2783.45 8327.77
220.871 2449.69
8082.66 2500.5
307.496 1434.69
8461.58 1258.77
7300.04 2448.39
2923.66 443.558
8462.98 6765.6
4548.32 2092.4
6828.4 6629.22
467.71 1243.67
2951.89 6146.17
3424.06 1324.41
3171.74 8694.78
8708.76 939.226
1457.45 7138
7871.37 2032.31
6285.41 8735.67
8079.04 5200.63
2995.72 4942.82
960.321 763.475
4178.32 7757.91
6238.55 2670.64
3696.41 6409.85
43.067 4034.38
941.042 7210.01
1716.05 7649.02
1703.33 9169.96
4797.01 34.46
7543.19 3596.05
5633.21 8369.63
5451.76 9251.75
637.735 233.016
7371.02 4446.89
8499.87 3482.64
6203.91 460.005
1902.16 7002.52
4507.48 8525.78
7974.45 8544.81
4574.53 3746.98
3574.49 8794.45
2743.15 8739.85
4197.73 7475.54
364.442 2971.34
1646.6 6002.27
5645.56 548
3597.09 3369.48
3993.56 8834.82
2289.43 9381.02
459.999 6455.82
3277.45 1221.51
4307.73 8311.51
4680.34 6414.43
1048.91 2764.08
1027.45 2535.8
1428.68 6834.11
4157.16 4803.04
7434.26 5193.99
3463.53 4519.98
5917.66 7992.66
7287.42 4363.06
3672.96 2246.54
1964.3 8467.16
4302.83 6413.49
3181.65 8442.39
2479.34 6029.89
7914.9 7197.81
8944.46 153.292
7381.71 946.46
3546.97 3936.25
3353.76 4772.79
1004.78 2214.11
8012.92 6050.88
2828.72 1948.1
1568.46 2026.11
5653.22 5192.29
2400.87 7642.1
4090.68 4695.28
2207.65 6743.02
7508.81 5158.2
7464.16 459.302
2452.17 9142.53
443.276 2559.8
7370.4 1275.71
1887.61 8426.48
6720.5 5709.97
142.169 3527.26
6282.44 3574.86
4645.93 9291.42
2617.54 2582
2956.08 4485.24
8559.71 4680.19
8594.55 3995.42
5450.85 8835.74
1993.43 7714.28
1623.91 5070.32
6740.63 3270.52
1863.67 1733.46
7166.9 627.214
2771.08 1256.73
4181.45 8620.44
3516.04 7148.64
8303.63 4955.55
6674.42 5495.13
7448.86 7964.94
7768.54 8627.35
4283.44 6295.02
2574.04 672.052
5838.07 1400.39
8505.56 5662.69
7101.78 65.589
958.22 5346.77
9168.15 1450.37
1915.26 5851.81
218.267 822.143
2793.2 9354.12
2751.24 4137.05
7825.34 4277.87
2617.53 8304.05
5548.21 1181.68
8455.74 8191.05
8496.93 5840.47
3846.15 4080.77
6823.33 5684.7
2515.73 3778.79
5195.57 3260.59
485.976 46.038
2055.67 1642.97
1360.65 4173.86
4965.57 2637.97
7574.01 1206.57
8905.61 6345.4
1357.5 757.379
1731 252.739
3560.42 9458.16
4862.4 349.111
5758.78 1445.14
4227.7 6205.95
7814.47 631.41
849.217 2708.74
8818.93 5318.26
470.616 6425.88
2788.83 9093.31
2844.78 1527.85
4449.04 4930.47
824.861 9331.65
6375.18 5289.72
3227.51 7233.36
7732.17 4979.48
2703.95 1799.32
5375.97 4560.85
4384.33 6001.97
9223.92 1853.12
2787.41 9195.58
8730.42 4428.88
6084.45 1745.44
633.22 2209.03
7385.43 4775.45
4726.94 5465.99
2405.61 8210.09
1515.65 6016.92
5972.47 2518.19
3322.88 3170.2
4383.09 6585.32
3683.54 2572.83
8838.1 8204.41
4017.99 8400.16
3535.19 5312.31
3779.83 8636.9
8704.85 1374.62
160.091 3821.57
7878.11 6234.81
2633.06 7306.22
5932.33 8351.04
8709.87 887.262
1526.8 3335.7
2424.01 7403.51
6911.4 7130.67
2317.02 8704.26
1822.48 415.023
9678.66 9420.92
1539.93 3158.92
3485.36 6024.45
5027.35 5332.31
7617.37 341.75
8231.61 1159.9
4045.55 4329.13
369.132 5538.77
2439.85 8462.41
4810.21 4615.03
7763.82 5648.41
6478 7201.42
6475.27 2737.07
826.678 5.004
3505.17 1077.55
3822.75 5608.82
9672.83 1710.48
384.339 8027.81
3272.62 8086.92
3861.54 4044.04
4838.51 1266.23
9511.18 7085.19
8270.24 2150.06
9870.95 2285.4
2682.86 9463.28
690.073 6835.61
3311.36 8094.3
2713.17 3863.26
7394.95 2757.95
6223.15 1059.78
7040.97 1629.64
69.564 6123.03
1696.99 7590.32
9156.42 4235.83
2902.29 9943.08
6939.96 5927.64
1753.56 3149.66
4687.1 3977.68
7501.16 7893.81
3287.71 2055.69
5494.33 3658.6
1405.12 4300.47
4078.1 4224.1
4066.27 3136.08
7361.39 734.061
5297.33 3848.06
1924.24 5324.63
4400.14 2102
6065.8 1619.67
