100
13
53
7
22
100
67
15
38
0
30
36
93
0
58
37
82
41
97
72
0
93
0
13
0
79
61
2
3
87
5
5
49
0
60
21
23
14
36
33
0
0
0
98
36
56
0
43
44
90
2
0
14
80
74
87
0
59
58
40
52
76
62
42
51
0
0
0
11
85
70
96
38
95
40
5
71
98
20
37
93
40
49
55
0
39
71
29
0
11
37
43
96
37
88
93
98
16
0
0
21
74
63
0
16
57
46
46
0
39
74
36
87
86
17
73
17
7
14
49
36
15
81
91
44
0
69
56
94
67
52
1
36
0
25
66
64
0
78
88
40
7
35
26
0
19
23
29
100
77
12
3
78
81
48
25
69
0
88
43
16
0
93
35
63
88
79
45
0
22
59
0
0
84
0
74
49
18
66
49
89
31
70
43
68
0
94
33
19
44
40
75
1
84
39
14
88
0
91
48
0
