123
18
2
22
17
17
26
12
9
15
25
3
20
21
0
21
24
22
23
17
20
2
24
4
13
15
0
29
29
13
12
17
6
26
15
1
24
14
2
22
0
16
10
27
19
9
7
23
28
12
16
4
9
21
29
19
5
7
12
24
7
18
15
19
22
11
28
3
55
23
24
22
25
15
24
27
11
6
46
27
0
16
18
26
27
22
3
34
35
1
14
32
9
2
15
18
7
10
26
24
3
5
18
8
8
261
14
13
16
13
12
9
2
11
10
4
16
1
1
5
2
10
1
9
163
174
139
156
147
172
232
168
43
0
182
247
226
251
223
50
240
230
110
56
244
191
195
151
204
245
94
190
87
216
75
105
54
134
170
1
152
214
249
88
48
211
198
175
137
151
29
81
145
220
39
103
126
93
158
121
250
61
27
28
260
9
171
5
200
186
80
166
161
135
255
158
142
66
88
228
9
112
222
129
237
215
238
77
13
11
204
68
22
149
225
195
249
126
58
187
204
166
156
135
191
175
211
114
192
238
195
23
114
27
219
101
249
160
65
130
75
206
102
232
137
83
15
