619
27
13
6
8
13
22
3
16
5
15
8
27
26
12
4
6
9
8
13
15
12
14
19
10
30
17
19
18
7
12
24
10
6
7
15
5
3
24
9
6
19
29
19
12
29
5
3
8
14
9
20
8
15
5
4
23
17
12
20
22
9
25
23
2
30
17
7
3
26
5
23
5
1
6
1
1
14
3
2
25
20
4
27
30
27
5
15
28
16
27
13
9
27
23
21
22
19
27
23
7
22
29
3
12
12
19
19
11
22
6
11
22
13
15
28
15
16
16
1
28
20
20
5
15
25
30
8
5
24
9
489
23
29
16
20
6
16
6
10
14
0
19
25
1
25
8
26
16
21
4
22
20
9
1
24
0
11
14
13
6
19
16
7
2
11
24
2
19
2
14
5
12
26
16
4
10
29
22
4
19
15
12
19
12
13
17
3
27
18
0
20
7
20
17
15
11
11
10
8
13
11
1
14
5
4
24
8
5
0
16
13
8
4
9
4
25
7
22
17
23
25
8
10
17
21
18
14
13
29
14
8
11
27
29
22
29
2
6
27
15
10
7
13
4
5
8
19
13
6
15
4
23
6
3
6
14
5
2
25
23
8
28
27
27
23
17
11
18
1
13
1
15
2
17
15
20
26
4
0
20
28
28
1
19
0
1
13
22
25
5
11
17
14
16
14
15
27
15
21
22
29
7
23
20
0
12
12
3
12
18
17
23
16
26
5
13
3
8
11
28
7
14
1
1
29
24
22
15
26
21
22
27
16
6
18
22
7
7
17
22
27
17
26
3
29
7
29
23
1
27
19
7
19
5
15
6
28
16
3
8
6
7
11
6
23
16
15
8
0
24
26
19
9
3
17
6
19
21
6
27
23
3
29
27
10
14
6
14
1
27
13
12
9
16
1
7
20
16
14
11
19
14
13
3
0
3
18
29
11
26
22
20
6
15
26
7
28
24
26
18
12
2
21
11
10
6
11
20
9
29
8
12
4
9
18
19
12
22
8
28
2
26
15
14
27
29
4
3
1
1
3
11
26
10
28
28
5
28
24
6
19
11
22
24
20
27
29
22
4
6
25
25
21
4
29
22
29
3
10
6
6
7
12
16
16
10
19
3
14
3
9
23
12
29
8
7
1
4
6
13
27
3
13
11
5
24
23
14
28
13
3
4
27
1
13
18
21
11
12
16
21
16
20
4
28
16
0
27
14
15
26
22
18
15
17
2
4
7
4
27
13
26
19
16
6
22
6
12
9
8
13
19
14
26
14
12
0
16
8
14
4
0
5
10
24
3
14
17
3
50
28
5
4
1
16
18
28
15
23
17
28
9
28
24
24
11
32
30
22
7
0
22
26
24
18
20
17
14
17
11
19
20
12
15
13
0
21
2
21
12
9
18
14
5
2
14
2
0
0
176
20
301
34
290
250
337
312
207
488
211
393
233
451
36
362
142
367
70
459
127
179
255
436
281
436
69
66
454
197
233
60
399
277
287
237
415
336
416
52
176
159
237
6
202
150
220
269
97
447
203
257
121
208
285
154
156
115
437
104
222
43
413
421
218
302
33
447
72
100
323
176
465
332
261
21
99
334
275
430
54
372
261
139
394
98
390
166
464
238
393
177
272
463
186
59
106
275
219
109
111
300
380
276
373
49
283
177
146
121
453
81
69
385
228
360
161
249
45
304
59
103
37
305
279
464
14
261
360
269
60
336
208
170
79
80
285
328
361
454
29
342
382
24
169
250
330
398
90
200
12
205
410
78
137
282
369
107
197
463
322
53
268
160
478
475
98
245
133
150
264
384
75
305
81
46
451
26
448
486
5
385
21
20
363
372
110
180
217
355
223
110
399
262
220
254
89
275
189
263
463
49
361
168
173
234
333
428
378
60
408
331
361
66
361
22
373
317
248
181
417
225
168
452
312
164
284
137
22
165
430
126
156
456
337
233
460
474
80
195
407
32
263
305
320
126
17
472
55
36
484
116
136
103
46
67
66
113
266
123
297
255
349
435
135
255
148
0
283
146
414
25
408
388
339
318
23
150
325
230
32
393
308
203
152
59
102
401
206
215
24
389
459
281
334
382
131
425
18
488
336
244
141
456
353
301
125
322
98
237
84
207
364
112
179
61
117
462
309
14
21
449
413
88
344
401
403
51
209
170
221
363
434
55
224
326
331
288
26
174
160
206
103
350
417
160
160
436
317
257
19
195
377
14
268
232
222
11
204
97
290
180
188
13
465
16
312
293
104
63
442
259
242
10
39
477
311
237
142
462
469
111
99
440
119
83
307
245
20
404
259
336
18
38
283
276
388
452
149
198
415
287
32
191
196
109
446
484
478
33
382
432
104
276
257
468
163
264
207
195
20
268
158
338
144
266
138
315
13
392
473
351
46
240
40
15
98
423
444
301
102
134
185
330
10
415
13
39
352
210
123
400
456
425
65
457
212
306
60
3
328
400
105
348
178
257
192
470
450
467
51
91
46
69
3
23
388
181
321
408
7
209
292
255
54
177
77
265
174
76
354
455
469
205
86
209
198
190
66
152
37
72
106
184
130
404
306
246
415
485
472
3
82
131
46
116
121
144
35
404
46
108
97
97
213
472
246
325
126
325
198
153
88
443
84
236
85
480
106
153
79
23
70
12
263
267
237
238
226
396
8
389
434
223
316
317
21
128
97
236
425
280
431
446
169
377
443
168
65
336
276
234
401
286
401
368
483
408
86
3
226
331
65
465
349
459
423
330
25
342
158
222
228
476
453
28
267
267
267
359
13
210
431
229
126
341
151
335
112
202
259
163
487
216
81
339
313
427
58
