1000
603713
5656353
9638007
1761022
8430400
4345067
5937515
914938
9886102
7527346
9592346
3128117
2058558
3158437
2455882
6391641
4006097
3296172
2339454
4669307
7408213
5328571
5519301
4489906
3202542
9004389
4499496
7217760
4544690
6557385
2417460
7609221
29723
7616714
8478936
8171733
6333097
4265579
4776515
7257799
5805439
773943
911044
1895690
3400602
5360
3918452
7274321
1036323
8833701
2209759
7918758
5538440
395252
8488876
810362
8947942
9631951
2092357
2863774
5013419
6343724
3000064
5396395
3541782
6067995
3751880
4294395
3720145
2121624
7375400
1536038
7032640
3731382
7728332
9650659
1980639
4189971
4645129
4049791
6332812
3938450
1653593
4407713
7955194
99109
4494025
6686638
7835837
5684364
7013173
822270
6362107
9007216
7114957
9194146
723846
6048810
6398143
267527
2018562
2200280
7034484
555601
9304935
5467193
6607690
344621
6334406
6493384
7441545
9413482
3852827
542829
3467869
7120656
6209694
4515367
8207852
3147201
6343636
6347245
9936559
8437473
8560053
2236678
5651088
6683340
4661507
2271235
3069226
6132157
8712826
7555800
8234842
6949815
1833745
46154
5021629
557618
8447186
2099630
9477159
6118539
8525488
7300743
298016
5906336
4080422
964221
4165135
6893740
6243799
285533
456222
7363459
6153797
8034384
762409
7318675
7575399
5915314
8052316
1916958
5283784
6964352
5827918
480500
5830687
5853494
4125533
223019
7712744
3459340
4926675
279401
7913784
2891839
532714
615188
2722679
298118
6470333
5655015
6577352
3620630
9758163
6014918
2101049
8462411
2768623
2046149
9969228
6648505
7295839
1351142
2392286
3601816
9976932
6196340
5798041
9773519
8693321
8059814
7779045
2854796
296738
1230073
7387987
5800609
2691324
7218694
6350065
6462578
5110043
2881278
24941
1496990
959584
2028982
1111730
1802647
4817425
9223487
8460351
9405587
7208549
8751634
2477493
9885608
5422183
1011969
454386
6681736
7098465
5185301
8627197
4651365
5053369
682735
3931651
7181744
9228953
7215164
6180291
1810331
4900360
9565947
7847610
1801418
7474750
8188972
6491016
4579271
1747892
7574454
7866679
9336092
5722277
1318428
6168378
8537743
983761
1456186
6867723
8810148
2760672
5477122
7388511
5828774
5318398
7332295
3192127
2797058
5735993
5849673
4793299
5489459
5007455
9641133
2719598
1250353
483102
9764659
9300218
9524366
1513010
320042
8557751
8652242
2265288
8714465
3922032
5351997
6182270
5837367
5960760
9414839
6331544
6831825
7289280
2766728
8245555
8540128
1236573
3613399
6726986
3076798
1564489
4611206
5938274
1681328
2568994
3375597
5308366
9565003
9079964
3916285
7934851
6645174
4681484
5189635
5102787
4573837
9211577
9446737
2149966
2081586
7256934
6135849
8180955
7679296
548932
9619139
9084696
2687909
6522884
7691000
8660326
809296
3966230
570807
3900448
3351507
625926
6239031
220909
8584150
546610
1769974
6983952
3397483
7368129
165208
5869670
8933060
3746887
8468446
4672610
3837418
6340010
6621767
9027478
9847110
8441907
1721743
1107669
1449044
8724059
7020604
5105106
6945978
7973881
4048381
4783431
2977729
5511301
200710
7321762
9145568
6697606
3705878
5986535
8797423
9285524
4337024
6804393
791676
1730128
4973819
5242205
2669703
7551042
324987
7950935
5669176
337864
4970165
7046326
6067694
7134669
5755182
4204070
3750038
3903265
7480459
9191755
4931679
5536925
9164656
4727219
652750
6725235
6422184
6939557
5136114
5410946
3045990
2470856
3098268
552587
552294
5761591
1519841
3256988
9819077
8034678
8081993
3643795
3564177
2026757
7173929
4624288
2085421
2048649
8501968
795118
7378279
7054584
371574
2098967
812129
5695179
7409909
5914649
9922324
4707078
7895459
4865226
1459212
7680919
4547812
1531791
7549095
3340561
8897945
627669
605876
1120546
8178172
4022572
9302
2745803
577365
2918344
7041253
7030459
1591650
6031505
9664975
9577764
9844297
3305696
1560983
982307
6494138
2872352
6250878
6924551
3229181
3897522
2958508
4375848
4522934
8723604
4812122
7783531
6055855
7622941
8031818
2388694
6126476
6062097
879199
4238298
7862245
9411516
4096504
403612
9227419
7840048
4977638
1212309
1745507
1166680
9956847
9335982
1332770
977026
3417430
1353050
8383847
4616778
7068280
6132490
1696660
335238
4628819
224141
2899147
8668001
9978897
1455667
8434764
6039985
2680719
3131867
673951
6061266
7801736
4037928
1198996
8689045
953414
7234842
5336709
9224905
8939528
9143623
5629614
1742836
7609346
1891249
7656049
6025526
5178973
7472531
1985673
9754837
107464
9307998
5408872
5792481
1729824
4239042
5152415
8186121
3372930
1045055
546236
9003113
2166736
7135880
186274
9607846
6396746
770613
9965096
8670368
4015548
4087059
3923989
1929721
4866901
3358599
7594411
6171047
6386411
6429906
2713994
1899125
9986297
3432708
9232829
6679014
2561540
4932690
5555604
8815150
4869890
868343
9568164
7258150
5379019
5043609
4758510
2236454
2128821
9728902
5321293
7126378
9690340
9401064
3954181
701150
2906314
6321074
3641584
3461754
9783630
4662669
480799
4319650
7600988
6487620
2972818
5837815
3222120
2941803
5971444
1033074
245147
6384937
3449721
7940036
3384755
2808194
4534531
1507876
3692745
90501
9158548
4361423
3683545
2073318
5978881
1049096
2976889
5143462
2313425
2176312
718905
7112788
2112347
2421656
9132510
7503357
3473175
3188075
4200709
9328059
884135
1436320
2843890
287632
4695982
8404549
7448447
3184673
4137999
398588
634836
6594268
2283075
3781080
7560086
9179724
8518996
2305242
9712176
4069254
7573168
2339394
507491
9615111
3646746
2948701
431994
905942
4358014
1715203
2828863
5395022
4027320
7743446
5325840
664003
9319205
2953326
8527462
6988536
7614838
8972139
4512907
3278250
9597805
5821722
8404729
8807228
1433358
6171543
3396075
4690908
9838942
5058326
2729021
3056962
7016800
907040
6939884
5433330
1695093
3997058
4988146
5048221
4387661
8213404
571661
5531718
548544
6326060
5153256
8654125
6444825
8732466
6262804
2438747
7937198
3090421
1756440
4379550
1874756
8960538
8013616
7889721
7598651
6872426
6115153
2471017
7604065
8461036
7885629
6857468
2368289
6297225
602880
5301531
5786079
9956755
1270676
7394556
4578608
9170287
2309882
8286441
5361137
6297166
2679962
4102295
651576
4205682
3592645
8764794
3769280
8211121
9084376
8941984
2389009
9389446
2269926
4612836
6939714
3394179
1613689
9700628
412343
6036071
3413521
8416415
3522412
9771811
4749563
8786121
1858768
4353814
8367804
4276107
4909354
9959895
199461
8788306
6083183
9649494
9625239
4228559
7209795
8270789
7746866
4130632
7748828
6250678
2483798
3940500
713420
6432544
8593620
4041035
5077928
9206209
4272788
2883521
9951487
990994
3243922
9820338
6122422
9625732
9114151
8515721
2499328
3256802
2685465
8286102
6021067
4982911
3443429
6809139
4053443
6125971
5438110
8290113
2017323
5199454
6514778
3475394
1179790
5139757
9062734
6661351
5950871
7894006
2027043
338270
2503277
5894201
2410548
4534620
7132861
8075694
5965599
7694448
3315986
6043346
3809117
9978871
6865308
4186990
2576021
5539
3505850
8053386
84052
5376970
7354782
5897255
36454
2982119
1458609
8247509
1730160
7544063
6099256
4169
1289014
8787276
5909446
5743964
4461369
8243113
7089948
7652881
248420
2995191
2176816
6974752
9469079
5018794
1282570
6759961
7549021
9882799
9936952
7001019
9264047
1247174
1900850
5996747
2051405
6372649
234637
3167899
2898918
7788400
8242358
1785775
5128299
6798900
2328038
1979921
1560401
462431
4643500
8126870
5451114
8472180
2879622
7905816
4859473
4992730
2758926
3925913
3479780
5468825
7041082
7399902
3192191
4579083
6837860
2079650
9721822
491075
4708258
3412685
4091105
7702264
7700270
4737254
7385692
6987867
171176
8060958
7282803
8748112
7862343
6409635
3895941
5218310
5297600
688279
9552761
8755086
2535070
8433079
8731122
9380237
4841416
9814718
2597585
6244880
1906941
5593147
4587927
6923430
4475155
4306934
1034955
1280944
9070710
8523489
167671
1736831
7861271
7133304
114377
3435134
1065401
340550
4872441
571557
7392040
3375509
7940508
4513369
1919530
7329400
3456934
9612639
3134131
4293410
5156829
7786176
1789528
6908259
5390705
8525914
4874656
6242441
4106929
2342733
8825370
630011
6287418
6116858
9504942
2670055
3171514
8433054
1099307
6655712
7853831
6821810
4632102
8060002
6336411
7281841
7623921
9960434
670851
3332886
1520261
2386618
1491874
7201871
8677335
6630247
4071911
1776004
1549010
7443043
2755090
8079903
7669437
6806700
9150330
3548782
8658877
2911420
9271422
290986
6487225
9512625
5405991
1779499
1124632
7356771
8980127
9291435
8509712
22553
6237719
3363335
4539437
2596401
6388044
6792318
4841321
8467107
7593570
9718663
1985498
7630626
7544810
2647891
5536545
6230914
8758129
1703563
8385354
9624775
2220053
2681369
0
1148475
2831955
9543699
5896928
1697132
1712997
4543146
6672088
6514784
1004421
5182617
7010736
8959464
4218983
6981853
614941
1105391
2041757
7513401
7333628
2350292
5378779
9330494
1656080
8046272
4470660
1995189
7744171
8298231
8847560
5759860
5926761
5425746
2547043
8423554
9698734
1443647
5216337
2161082
9135769
2049268
5952593
120526
31812
5659916
3698839
858222
801377
110469
6772169
8261794
4340570
4064766
2995931
8945673
8949553
8254478
72100
8598908
6793760
1499634
711301
2634549
3674526
9893801
6311742
9433947
2893737
2725568
2240912
8021366
215236
8608960
7167198
5423950
6499393
6969907
4314141
3756075
7382176
951711
6838172
6862580
0
2104499
1157985
8675643
9023679
5990111
7151387
7251314
7246426
598602
1005389
729545
101583
4978469
6250294
3174431
6797551
9152831
4087372
7853038
329014
7454766
4590181
1109096
3913679
8810077
6943456
8945825
1468096
8389594
4321122
8733294
1875656
6623262
3263653
4106780
3352150
6105770
8783977
2295289
3955265
133074
5677690
5492815
5519542
7380527
7962783
5992038
1549000
8317817
9607949
3438021
6502493
3418780
1791359
500476
9335785
1678048
9712446
7191963
1053269
105353
8235365
1370840
1229040
9629719
4629604
6313437
160585
8934917
7962636
214919
2585292
9860950
1580179
2562427
6658105
6682201
1281520
9710536
2774400
5863898
7440696
3568802
6942254
2069576
4455461
7236013
9210163
4371192
6666226
5940139
2117748
3250502
5708082
942529
7333994
919187
4016464
4892321
9508058
896310
4279093
6036974
7745636
6795947
9858135
2768894
391127
407853
4013135
7098041
3189511
8638169
5021568
681043
5525089
1009495
2226026
8326140
2487338
9416226
5407227
9354058
3237218
4413913
6144996
1113832
4561885
1573184
8315193
6629428
6347929
8677165
9718095
3578320
9674446
9583607
212368
3396376
6248631
5732642
6871298
6760835
1631177
3532985
3104595
6303001
2834038
5575534
7016173
9790267
7181101
4288641
3344242
5875758
528008
4502849
3487575
3865190
4630405
5065119
2593290
2220226
1380988
3012163
9465963
120481
4692654
6556884
7126840
146118
6557391
86856
3461705
7680068
3866571
8343459
9146009
4403539
875795
1440507
218129
9505173
1002811
7980381
3527400
817201
324520
5162458
7372454
4394684
8104063
7698884
5818179
293418
9518122
9552082
8327614
2196088
152013
2492777
5852023
8796905
6730386
4995470
1834591
5341862
2128295
2221427
175870
7156798
9281471
4462945
8282485
1972211
1868204
7146613
291317
8929472
4935583
3640892
3315093
1741530
4539850
8422564
8994152
6926062
4804592
917410
5597093
6554276
9870960
218226
4677109
2216681
3072637
8899216
7356676
9380173
7120054
1644948
931153
6906179
7509070
3855523
3229561
3087810
9143390
8295499
4970084
3433188
8886102
9463154
8005853
3172006
4195117
1240110
8420665
3378364
8486229
1552247
160036
4816308
462444
5640274
8656688
5991599
6438568
8818269
1847133
2086677
1839930
1168518
3989427
1223031
4297119
4191443
9931686
8793282
9668611
5826655
6023368
900790
2305709
9422707
9258388
2711443
7352521
6391615
943193
8850305
2906274
4730169
9598552
3232087
7957005
108811
5909699
8958659
8277714
7400952
2407099
1150769
6508706
6134270
7673380
5208561
3059025
5933964
5978532
4441090
5773847
2948612
592204
4931656
288634
6406017
4961353
7488055
7615520
1438307
1123251
901256
1618301
9356203
1033972
6565071
863545
3524067
3937303
2842017
5821033
1954372
9321170
2252442
5581102
9774644
2853967
3402979
2543821
7101802
6556473
5418315
8213258
1392117
2430807
8892848
5998517
9034223
2805997
9805432
10115
5091450
2772326
2369052
3769960
3926642
8170430
2779153
3320041
8534247
3438105
6519037
790665
9789012
1872626
4500111
1690869
9779525
3118691
4812044
4135782
2247786
5632697
1206249
6747263
7219935
2200294
2138341
1808581
9103971
6554498
596649
5711992
7741264
7557454
8235683
8841047
9032149
3059463
3426479
2495244
2508444
6901735
202847
1606839
9940576
7943601
1439406
5946102
7518977
6766679
229493
1270831
81468
2016389
6653370
9187063
1723521
6324949
9831816
6265887
1125827
5342319
2897782
4262252
9824678
1204121
9153006
1832162
9321596
7775123
876535
7653129
5567333
9559126
9458920
204243
5067203
5666329
1867685
3414446
5990213
4262884
9609868
9410395
2459947
7422779
4147701
8452888
4086688
146885
8869728
6646704
930391
9450970
9790667
9523141
332
5956801
4913772
1058014
5069063
3226551
8589403
1448147
4724154
1254401
6978861
2563515
5246840
3223678
7396250
3334737
9049193
9523132
7175083
3853035
4094640
3977259
3791727
392837
2053140
7142465
2064693
9457604
4236815
4865391
5428099
4062349
8016
956607
9199328
1943595
1889226
8494362
6378962
6713183
3050786
2496806
6077979
7459715
4635689
6980561
525231
7057430
7144741
232696
2823677
9638036
3129846
2910205
2052298
2973613
5995386
5251265
7424826
4904509
5036083
4640653
5444330
1127263
2228469
8933139
8568951
2281398
1736274
6240308
2364045
1408005
4684337
2949146
1886600
6686027
7287778
7516700
5541112
7837530
5036624
2821725
374545
2853426
7843780
932092
8307652
1083606
1515717
7617501
6919108
2841351
8146558
9455344
4034715
1457250
6579892
7709616
4414800
4097957
9656774
4982755
9886496
3472765
2615462
9837232
426496
6257806
5552983
2260723
5522374
1175387
3029649
4089405
1964395
2219380
3217409
4618296
3268494
9538819
4214029
451228
7087336
5729929
7454885
4744368
6741326
112227
9837460
9731775
2388991
972077
4185991
6259358
8714136
8371143
206931
2601391
8047754
2450936
1354674
3512600
8147761
2899678
342808
7336129
9615309
5887253
6414928
6288487
461138
573578
5998350
7962334
4022640
4581444
2641276
8506016
4235220
3806959
9069848
2342529
9451291
7519159
2892742
3511633
3499977
6538299
9776530
6060780
9946605
4209186
1252618
5893267
9153598
5098568
3359663
1941305
703580
3709874
817163
1982904
3823068
6331816
8054538
2431470
8067521
589021
6904911
9840679
8698863
9314657
7413045
7385829
8265479
4229296
8317208
3399779
7249754
772576
7156892
3305433
4877403
9577254
2893092
2873525
6873529
6166831
993197
4919548
4648361
8341315
7877394
138547
9021742
2947790
9147870
6435748
5180378
840289
7947284
4698127
934697
4140088
6933967
1186567
3241182
9580600
8818029
1278426
5662972
6534754
5512140
3868817
1499854
6315042
939269
6784301
4394476
8834561
5016727
7943473
4581711
1892834
2275922
6272212
9913825
5266085
8293817
1151185
6360357
9240807
995745
6722645
1982198
4267717
8094683
5256831
2251613
1108835
2837275
4982778
2704362
3209767
1900115
3308200
6859880
3109152
3606816
794899
7905353
7620641
7273805
3709132
5059840
6569303
7231716
5680917
4317294
3450608
8284338
9510584
4340517
5516193
4967883
8569049
3890059
1389623
6616217
5721983
4949424
2089521
3843365
4633569
1693825
9410770
9875686
5122379
6573792
4679886
1982367
6931261
4471327
9552639
8452341
5279950
7565906
8099255
172612
4602631
3333350
1844597
7967457
7425237
2638251
8599274
386760
3009393
8884121
8461981
7836651
5770928
6144104
1844529
6603005
699502
5493264
5661742
7060130
518320
224804
9351700
7164478
502352
4923122
8417762
7738966
5711384
8058872
2716136
9035775
9630934
3508791
3022462
5928709
5300003
2658373
9281426
9529145
8387800
3780813
2244742
994250
7919198
8028388
1264053
1600026
9142256
1220365
710440
8221849
5818936
662144
3219423
9916841
9676258
929134
7733782
2393475
8525560
1321016
2518728
3200950
3062561
6342052
6603090
9783441
5444121
2555089
5669576
5303468
1202286
9783183
3188689
9621750
5114870
1503860
8896510
4327285
4158826
8248421
5233236
5700291
3510149
4373603
3243659
