125
0 65.933
77.743 16.262
191.529 69.7
275.508 149.752
87.256 17.256
158.119 199.711
68.351 372.843
78.705 154.108
146.393 318.33
537.366 832.169
957.932 226.917
669.847 837.972
832.868 806.98
1106.22 238.549
1167.59 488.164
276.169 1126.55
1150.43 516.19
242.624 740.635
204.92 27.944
1619.31 1469.86
1998.48 937.363
1643.3 1414.71
67.236 1551.88
150.431 579.929
960.397 100.675
970.491 1224.19
259.344 2458.13
2468.43 1741.63
1244.03 452.727
1629.13 441.743
687.334 934.104
2774.76 2529.75
3165.62 30.256
2370.93 35.572
1131.61 602.49
3454.51 1627.12
2937.41 475.695
1054.05 830.327
1656.72 2233.5
366.824 1792.6
3218.65 3287.36
3954.18 2823.09
2422.24 2781.01
99.306 3326.51
1842.75 1180.35
4425.66 3716.78
838.738 970.801
1279.69 3161.33
87.337 28.195
4236.66 1195.96
1082.01 2299.43
4540.04 2287.11
600.968 2006.21
5059 2834.51
4682.48 3684.66
2886.57 2983.33
2800.81 984.847
3070.56 3013.2
5103.62 5748.44
1160.93 5398.02
3998.49 5570.15
369.187 4009.91
124.179 1026.99
771.75 3611.75
6364.91 1895.56
6431.13 3962.27
4843.55 3818.52
2504.83 6559.14
3725.56 1377.68
3754.73 4738.5
1550.6 1320.41
3584.89 7013.99
4939.24 6717.09
7040.09 977.188
4742.72 2483.21
1458.75 5832.39
6015.71 4279.21
4995.89 6858.67
5783.1 3123.47
3871.9 3607.67
4375.1 4796.18
1440.95 1884.37
8151.79 7159.3
2827.41 7921.9
7312.11 905.4
3658 3450.14
7498.59 1591.86
697.047 3743.92
4285.73 2321.16
5275.39 2635.22
7316.4 5043.41
7604.06 4281.68
8969.87 7443.06
4115.01 4583.6
7989.27 8489.36
50.47 7636.52
4626.72 2976.09
3549.11 2294.32
9203.13 8247.66
7818.73 1193.99
85.4449 18.8636
657.433 852.775
275.032 810.1
1032.11 797.226
792.947 915.843
1197.41 447.697
139.041 1536.57
1636.78 1416.03
2458.21 1191.48
140.303 3309.34
500.625 2009.27
2686.4 2508.08
2899.78 2970.29
2901.53 242.088
1437.24 2101.83
3599.89 3323.35
4165.75 4572.95
5263.66 2744.06
4381.03 5342.64
4872.26 6652.06
1353.22 5822.7
7310.45 4456.11
3058.65 7143.74
7613.21 1238.27
8918.79 8051.39
124
82 90
64 89
67 75
64 73
65 78
82 92
47 63
35 97
41 97
41 88
45 79
50 52
49 68
36 56
65 76
53 74
53 96
19 81
61 87
69 93
28 29
35 68
40 57
21 44
20 44
25 46
51 74
73 84
79 85
45 54
51 88
6 23
54 66
17 23
15 62
72 77
63 87
10 13
10 24
5 8
0 7
2 3
2 48
6 8
0 1
5 7
16 34
2 18
14 16
94 124
98 124
92 124
86 123
99 123
84 123
83 122
71 122
67 122
90 121
91 121
65 121
95 120
75 120
59 120
71 119
72 119
58 119
80 118
60 118
58 118
78 117
89 117
53 117
80 116
93 116
45 116
41 115
85 115
40 115
50 114
81 114
38 114
33 113
36 113
32 113
57 112
55 112
31 112
42 111
31 111
27 111
39 110
52 110
26 110
87 109
43 109
26 109
27 108
56 108
20 108
70 107
21 107
19 107
39 106
22 106
15 106
14 105
28 105
13 105
30 104
46 104
12 104
34 103
37 103
12 103
62 102
17 102
9 102
30 101
11 101
9 101
48 100
4 100
1 100
