311
0 5.933
17.743 16.262
31.529 29.7
35.508 29.752
87.256 17.256
158.119 99.711
188.351 12.843
78.705 154.108
146.393 318.33
177.366 292.169
357.932 26.917
229.847 177.972
352.868 86.98
66.223 238.549
327.592 208.164
576.169 526.551
190.427 196.19
582.624 400.635
564.92 27.944
479.31 709.862
798.484 137.363
803.301 154.71
67.236 231.876
150.431 579.929
0.397 100.675
970.491 224.19
259.344 378.134
308.425 121.629
124.03 452.727
469.126 1021.74
87.334 334.104
914.76 669.749
1245.62 670.256
390.932 35.572
451.613 1282.49
1354.51 927.119
777.405 475.695
1054.05 830.327
136.719 1473.5
366.824 1012.6
18.649 87.356
1494.18 1183.09
742.245 261.007
99.306 746.509
962.754 300.352
825.665 1016.78
838.738 50.801
339.69 1281.33
1047.34 988.195
316.656 215.963
1082.01 299.427
1480.04 247.106
600.968 966.212
1879 714.51
1442.48 444.658
686.571 783.331
560.814 2104.85
1930.56 733.197
1623.62 1108.44
2340.93 678.018
1598.49 1970.15
369.187 1569.91
124.179 2266.99
2031.75 1091.75
1244.91 615.562
2531.13 1362.27
2203.55 1178.52
2504.83 1199.14
2365.56 1377.68
2374.73 1978.5
1550.6 1320.41
2164.89 1333.99
619.238 957.085
1200.09 2437.19
1782.72 2483.21
2958.75 1332.39
1455.71 1239.21
1915.89 698.668
2663.1 3.473
711.9 447.674
1175.11 1596.18
3060.95 264.37
1591.79 599.302
1167.41 2941.91
592.11 905.4
1958 1750.14
618.585 1591.86
2437.05 263.924
765.731 2321.16
1715.39 855.219
1916.4 3243.41
324.055 641.682
3449.87 1923.06
395.006 2723.6
469.268 969.365
50.47 1936.52
786.723 1056.09
3549.11 2294.32
3323.13 407.655
3858.73 3173.99
2559.97 1127.6
3728.81 3823.67
645.055 588.73
1896.1 1998.24
2390.7 2667.69
3222.95 359.873
1248.35 2654.47
3640.76 1620.74
4246.76 3715.64
1043.14 1331.64
183.737 3284.68
856.135 2501.15
3501.53 2267.21
226.607 4304.42
3615.26 3993.79
709.373 2707.63
147.445 3804.11
79.172 4373.6
907.153 1935.05
1505.18 2641.72
2914.66 2846.02
2149.18 2053.08
4478.78 4555.4
2390.65 1632.73
1703 202.161
2905.45 1708.87
2048.32 3975.69
3019.38 4397.93
4167.48 4326.6
1753.39 3701.36
1276.21 1641.95
4456.08 293.702
3061.36 2074.45
2183.73 3119.84
3048.43 5174.56
3923.02 2635.11
3423.58 4254.91
5348.47 3828.12
4471.55 1511.72
2805.53 4308.07
3680.11 4778.26
2298.52 1082.35
2816.53 1648.15
3656.43 3513.48
1815.05 2846.52
2531.2 5083.41
220.81 5475.72
1307.92 98.298
212.131 4291.7
3926.71 4930.75
1305.02 5512.82
5148.65 3593.92
2694.7 5220.47
3241.15 2884.62
1510.98 315.616
501.142 2946.6
3917.09 1381.73
31.917 5204.4
2612.74 720.395
2382.75 4414.41
5955.94 4174.3
5003.77 2846.05
2871.56 2590.34
4033.4 2564.9
5733.05 1967.81
3751.77 5005
6498.98 3680.65
1367.81 1922.33
5452.36 2450.72
745.161 2172.29
563.209 2123.75
86.098 5185.13
1219.63 4654.54
6411.89 3974.09
4499.03 2140.69
1920.4 4968.67
6732.29 6615.69
1291.16 5311.95
3318.76 6177.74
3462.46 2400.84
6017.05 3065.94
2236.23 4850.22
4907.39 6867.21
2170.39 1059.75
6940.24 1773.5
6662.27 776.516
537.564 4250.28
4786.91 6610.01
5320.61 6747.21
4152.78 6843.09
4223.12 2759.2
3668.32 6814
5471.44 2552.6
2788.8 4883.36
5931.39 4574.27
1456.58 6749.91
871.759 3426.63
431.896 3678.86
907.763 5306.36
643.577 470.484
877.747 3507.16
4035.95 4543.6
1095.45 4616.19
6103.36 1273.43
5364.32 3605.88
1621.02 7561.45
4380.2 1550.85
3888.88 2486.05
5751.79 8079.59
7749.3 6869.13
51.558 7894.84
2816.41 624.567
1371.73 1518.51
1468.39 5907
4768.99 1371.12
5553.4 4951.72
9.868 5051.98
7000.58 402.119
8151.36 7594.6
6565.38 3267.92
7231.47 6143.84
3644.23 5256.43
8797.41 833.155
7454.57 2710.31
1976.18 6440.8
4585.3 8464.22
5250.9 7681.99
4081.05 3063.73
2532.48 2255.91
5886.03 1041.04
4279.9 1241.29
6508.66 8851.38
2230.68 8349.55
846.506 870.757
4016.53 7389.58
8424.64 7643.87
3184.85 2181.93
8300.66 3568.49
2272.62 5074.73
6311.61 8928.11
301.185 2656.65
6161.23 6139.44
8980.06 9579.18
4571.11 191.742
8369.37 8410.6
2604.67 4898.87
3794.61 4530.48
8152.67 1546.98
488.717 5245.48
9628.68 7943.79
80.7437 133.446
174.658 307.759
101.276 314.267
311.433 122.558
593.87 578.628
615.443 468.542
958.457 231.992
420.469 1254.7
482.692 985.707
938.124 790.553
727.024 440.834
1476.3 1235.01
832.729 877.802
1516.71 276
610.129 955.455
1911.63 709.543
1743.25 750.766
565.184 2121.99
2251.12 1036.55
1862.77 1949.61
2152.34 1091.21
2414.59 1413.84
2789.92 1465.46
2212.11 1302.35
1277.11 2615.44
871.237 2468.82
1270.78 1620.97
1782.11 3694.21
3382.4 2137.48
473.626 2940.99
2582.78 2495.81
294.484 3646.62
212.18 4296.29
3534.18 4233.07
4181.5 4431.78
4027.86 2596.34
5937.93 4183.2
5312.27 3649.63
4409.06 1561.93
3785.17 4938.78
3805.79 4548.69
2302.42 5040.13
2608.2 4904.26
73.6575 5205.37
1249.15 5363.89
4232.43 1348.31
4247.09 2806.98
5458.21 2545.38
6170.94 1549.08
6486.39 3315.52
7190.18 6431.67
6158.6 6276.06
4757.23 6705.33
5210.72 7673.32
6096.23 1147.48
1368.85 7364.21
1698.26 6413.93
863.401 3495.63
6336.36 8871.07
8342.41 7695.15
7429.89 2904.98
310
242 244
235 249
184 247
205 232
178 221
131 230
222 247
209 218
180 192
178 191
186 202
172 177
208 226
189 234
164 168
194 215
101 108
185 217
160 173
116 148
189 191
159 181
139 159
81 211
80 118
182 188
127 136
62 240
150 213
59 87
198 248
90 144
125 132
99 143
97 207
107 156
74 144
92 107
134 152
146 248
69 123
78 87
62 95
175 181
138 214
120 153
74 119
69 228
101 143
113 186
93 115
166 173
83 106
80 109
130 167
90 133
118 169
38 47
32 35
59 158
165 221
58 89
70 212
54 64
120 162
103 121
111 115
38 61
61 86
32 37
99 227
69 121
60 167
127 139
51 147
158 211
54 82
145 152
101 114
55 102
81 105
23 91
23 43
18 33
19 91
65 67
132 236
37 48
55 84
131 243
171 216
135 207
88 169
41 58
54 154
97 179
172 202
23 28
28 30
21 42
44 50
93 240
98 105
125 142
29 39
9 16
20 46
11 49
5 6
67 100
7 22
79 199
10 12
2 40
45 96
97 112
32 64
3 4
11 16
10 33
24 40
0 1
1 2
20 21
14 49
13 22
2 3
237 310
223 310
219 310
244 309
235 309
218 309
231 308
239 308
208 308
197 307
200 307
196 307
213 306
224 306
195 306
210 305
205 305
195 305
229 304
203 304
185 304
225 303
226 303
182 303
189 302
187 302
182 302
188 301
241 301
176 301
209 300
220 300
176 300
180 299
219 299
166 299
184 298
203 298
164 298
168 297
192 297
161 297
227 296
190 296
161 296
206 295
230 295
156 295
198 294
177 294
150 294
157 293
171 293
146 293
193 292
245 292
145 292
181 291
238 291
145 291
201 290
246 290
140 290
149 289
165 289
140 289
174 288
206 288
138 288
151 287
204 287
137 287
194 286
160 286
137 286
190 285
163 285
135 285
201 284
128 284
122 284
246 283
136 283
114 283
117 282
148 282
113 282
116 281
197 281
110 281
162 280
228 280
104 280
110 279
155 279
93 279
236 278
112 278
92 278
126 277
129 277
90 277
212 276
130 276
80 276
88 275
111 275
73 275
119 274
106 274
73 274
68 273
71 273
66 273
75 272
142 272
65 272
123 271
68 271
65 271
66 270
183 270
63 270
85 269
103 269
60 269
183 268
141 268
59 268
169 267
170 267
56 267
82 266
89 266
53 266
57 265
77 265
53 265
84 264
72 264
52 264
124 263
154 263
51 263
55 262
233 262
45 262
70 261
76 261
41 261
42 260
79 260
36 260
37 259
233 259
31 259
52 258
94 258
29 258
47 257
34 257
29 257
44 256
25 256
21 256
17 255
199 255
15 255
19 254
102 254
15 254
14 253
27 253
12 253
13 252
30 252
8 252
26 251
9 251
8 251
40 250
7 250
5 250
