1228
0 5.933
7.743 6.262
11.529 9.7
5.508 29.752
7.256 17.256
8.119 49.711
8.351 12.843
8.705 14.108
66.393 78.33
87.366 22.169
57.932 26.917
9.847 67.972
112.868 86.98
66.223 108.549
47.592 68.164
126.169 76.551
30.427 36.19
72.624 60.635
24.92 27.944
99.31 139.862
198.484 137.363
173.301 154.71
67.236 11.876
150.431 119.929
0.397 100.675
220.491 224.19
259.344 118.134
38.425 121.629
124.03 172.727
179.126 151.743
87.334 34.104
294.76 49.749
285.62 30.256
60.932 35.572
111.613 262.49
304.509 227.119
57.405 115.695
314.049 90.327
136.719 333.497
366.824 232.596
18.649 87.356
264.184 363.093
322.245 261.007
99.306 316.509
82.754 300.352
375.665 116.783
378.738 50.801
339.69 341.33
87.337 28.195
316.656 215.963
82.011 299.427
460.042 247.106
80.968 446.212
289.001 184.51
362.48 444.658
136.571 233.331
0.814 424.847
220.564 163.197
463.625 528.438
570.931 88.018
398.487 170.151
369.187 349.913
124.179 406.995
141.75 461.75
604.913 615.562
581.134 62.273
223.547 518.521
494.83 529.14
325.557 17.678
304.726 598.503
150.597 620.408
34.893 623.988
619.238 237.085
470.093 247.188
302.72 263.211
708.746 582.387
695.71 479.209
375.887 698.668
323.103 3.473
711.9 447.674
375.105 796.183
630.952 264.37
771.787 599.302
337.41 451.905
592.11 65.4
257.996 50.142
618.585 731.86
697.047 263.924
765.731 561.158
825.386 855.219
116.4 543.415
324.055 641.682
689.874 83.061
395.006 863.602
469.268 29.365
50.47 36.518
786.723 96.089
639.106 354.319
383.13 407.655
888.732 203.993
559.974 127.595
698.81 793.673
645.055 588.73
866.095 968.245
310.705 587.694
72.948 359.873
188.353 534.474
430.76 550.741
1006.76 475.644
1043.14 241.64
183.737 1084.68
856.135 281.149
141.529 27.21
226.607 914.417
195.255 573.787
709.373 407.626
147.445 324.112
79.172 863.595
907.153 755.053
315.183 261.717
514.655 446.017
939.176 843.077
818.776 895.399
1160.65 402.728
463.002 202.161
405.455 458.87
788.316 195.694
479.381 587.93
327.48 486.604
463.386 1121.36
1276.21 341.954
526.079 293.702
421.365 754.453
853.732 459.836
368.432 1154.56
1223.02 1285.11
703.583 174.91
1238.47 1088.12
331.546 131.719
25.528 138.071
880.107 578.256
888.52 1082.35
1396.53 228.154
796.43 653.477
375.048 1406.52
1081.2 733.414
220.81 1095.72
1307.92 98.298
212.131 1331.7
946.709 460.751
1305.02 1012.82
618.652 573.924
1174.69 660.471
181.153 1354.62
1510.98 315.616
501.142 1396.6
797.088 1381.73
31.917 494.404
1032.74 720.395
792.749 1234.41
1155.94 974.302
173.767 1236.05
1251.56 970.34
773.398 934.896
813.051 327.807
451.767 54.997
1518.98 360.65
1367.81 252.33
412.36 770.716
745.161 482.293
563.209 423.753
86.098 55.13
1219.63 1214.54
1221.89 514.088
1019.03 400.692
170.401 1468.67
1452.29 1335.69
1291.16 1.949
1538.77 837.737
1672.46 610.841
617.048 1265.94
426.229 1230.21
1267.39 1407.21
340.388 1059.75
1420.24 1773.5
1112.27 776.516
537.564 530.277
1046.91 1000
1560.61 1107.21
372.782 1173.09
423.123 859.201
1758.32 1084
1631.44 632.602
858.804 1023.36
111.391 694.273
1456.58 899.906
871.759 1466.63
431.896 1708.86
907.763 1346.36
643.577 470.484
877.747 1507.16
15.948 523.605
1095.45 576.194
13.359 1273.43
1284.32 1565.88
1621.02 1411.45
260.202 1550.85
1818.88 416.049
1591.79 1839.59
1479.3 599.133
51.558 1594.84
706.414 624.567
1371.73 1518.51
1468.39 1647
488.992 1371.12
1253.4 651.718
9.868 731.975
490.579 402.119
1611.36 1054.6
2185.38 1077.92
631.466 1743.84
1434.23 836.43
2137.41 833.155
764.571 480.311
1976.18 1960.8
85.3 1714.22
730.903 901.993
1811.06 793.728
252.481 2255.91
1306.03 1041.04
1979.9 1241.29
1888.66 1921.38
2230.68 1389.55
846.506 870.757
1676.53 369.58
1374.64 593.866
824.852 2181.93
1190.66 1198.49
2272.62 314.732
1531.61 1758.11
301.185 256.647
1341.23 1319.43
1720.06 2319.18
2141.11 191.742
1049.37 1090.6
154.671 2448.87
1334.61 2070.48
742.671 1546.98
488.717 285.481
2158.68 473.791
491.775 2083
595.046 521.832
238.468 494.858
1480.23 268.178
1598.67 1659.47
2256.25 253.703
1643.46 1590.92
152.511 1770.89
583.648 1545.96
728.831 2112.92
1311.51 1097.09
26.232 1132.22
180.223 2368.04
2338.61 117.452
668.522 1841.73
2091.98 1975.15
21.517 661.423
1391.4 1028.7
1671.94 459.35
1831.04 1677.83
1931.13 833.964
2553.43 2464.16
1154.78 303.404
154.164 2716.87
2677.26 1913.62
805.821 2608.83
193.777 872.224
1580.23 1437.6
2188.45 545.037
334.838 2216.62
2721.38 1590.42
968.575 758.688
809.897 606.82
1747.08 1817.97
1878.8 1507.06
1916.67 328.228
360.402 902.676
1594.28 900.382
334.976 711.261
86.327 1471.49
1813.28 1070.07
1526.76 107.342
1148.7 1407.03
989.805 2302.32
811.875 2098.94
1132.32 260.757
2773.44 673.288
2944.77 2934.53
990.856 1179.87
528.064 1512.57
1134.48 2486.27
2104.34 1641.41
3003.21 113.746
2853.28 812.97
117.81 605.884
445.142 1704.6
357.208 1087.07
2807.17 2209.38
85.007 2143.31
2638.95 1996.72
538.357 956.218
939.854 1320.99
279.853 2345.24
2518.45 2198.98
3012.71 1673.97
968.821 2464.64
1236.33 1095.79
126.493 2502.27
2884.24 1177.53
2156.95 2039.14
848.983 64.283
1991.68 2239.01
2066.6 1786.09
1425.53 2731.65
2687.42 604.213
1027.89 602.625
253.885 901.397
1102.58 2810.72
2759.85 3109.84
310.513 3228.89
2096.42 527.279
3105.58 691.94
910.866 2535.55
67.8 37.163
2321.92 116.278
623.045 2577.24
2008.76 2757.9
2555.18 3087.27
2406.82 2797.99
120.432 719.098
2823.13 1119.24
2006.18 2856.19
2362.64 1143.8
489.704 1621.85
3151.58 2921.19
2032.1 20.292
1856.78 467.337
2073.29 1234.62
224.515 1290.89
1944.06 1474.45
2880.55 3489.89
608.583 2084.78
927.175 192.089
3122.81 2222.35
2935.59 1989.1
407.569 1090.27
2015.17 2577.24
3106.2 822.483
617.144 1218.59
1877.1 2254.94
2197.35 1559.59
2643.9 3094.19
529.145 3157.52
2561.09 2442.54
3129.67 1326.34
1580.76 232.697
1121.7 2680.98
3432.12 674.083
3679.78 2984.35
1131.7 2862.79
2255.68 385.459
1143.96 3149.53
1757.52 2460.97
1185.3 1718.15
3478.92 225.608
3399.33 1693.85
1250.28 2796.93
3066.47 3281.04
3214.64 2258.3
312.643 1180.03
2335.26 428.369
3201.26 2254.32
3757.88 3754.18
1057.71 680.739
3569.36 456.123
1077.92 2589.34
1311.1 1580.75
2494.81 3616.27
3032.33 3139.49
49.12 2280.91
132.214 101.68
969.07 1219.28
1475.76 2717.38
2366.27 825.614
1367.74 918.063
3283.33 282.043
1284.88 3191.72
2809.06 3816.91
709.418 564.961
3258.47 2048.81
644.766 2014.82
1244.84 1935.07
842.51 2599.8
802.322 2207.14
3769.92 2321.24
4040.83 624.347
1475.73 1607.28
1720.31 447.009
2034.61 1819.44
349.817 600.213
3948.15 4026.6
226.069 2258.29
2155.49 1476.55
890.055 482.205
1642.63 635.668
3607.63 155.252
539.811 355.25
1707.97 913.645
833.391 1003.09
375.774 1783.56
2032.02 2275.96
2180.35 2232.82
2588.17 69.783
1904.72 3713.41
4108.01 2166.89
4158.26 474.263
3677.29 386.249
4099.9 3715.88
2921.91 919.049
1837.02 883.449
172.853 542.564
3464.74 2158.06
178.802 3624.07
3854.64 3711.71
3833.06 766.547
2638.17 1020.98
781.152 1948.83
1663.4 999.348
3086.09 2676.26
3353.51 1348.3
1812 3770.47
1387.82 4088.88
1157.13 3662.98
4082.84 3342.09
145.717 4025.05
76.419 2398.13
1625.73 1710.58
4169.54 3929.18
1778.57 4138.05
2655.04 3333.91
3426.31 2118.29
1881.89 4196.22
4047.79 2588.02
697.548 1307.76
201.517 4308.02
4145.94 1254.45
4512.1 558.386
3301.22 3581.81
2166.22 3970.69
2742.42 3853.55
3290.48 2342.62
2600.05 2503.89
2675.44 1053.56
1793.89 1789.54
2651.08 400.917
738.232 2775.61
1586.61 2915.72
3729.39 3496.91
3829.17 26.306
505.653 4523.64
718.398 2667.24
2399.21 3423.91
4236.12 1546.58
4647.28 2506.58
1801.37 1362.16
3212.67 3407.4
1600.35 3061.94
1323.27 124.838
2774.17 4146.73
280.852 1028.03
1891.98 2087.86
3187.3 753.201
1683.94 1476
822.311 948.884
231.873 3720.26
4343.32 3015.14
2183.48 454.674
1240.44 4553.03
3989.41 2882.57
1365.47 158.557
2743.14 654.455
1547.29 4468.55
4918.7 3557.29
3206.36 4345.68
3744.71 2951.86
1991.07 2686.27
4304.23 3347.4
200.426 3073.57
3922.29 4441.3
1620.72 1313.92
913.949 4799.21
291.453 2945.52
2094.86 2778.55
2709 4820.15
2171.96 639.106
2371.29 2794.36
4939 2369.88
4847.98 2741.49
287.81 4845.44
4953.77 549.961
2996.79 2350.7
3706.55 2987.1
1155.88 720.241
678.918 3768.98
985.176 1996.02
2985.63 2413.35
1788.19 1393.36
4048.17 5003.89
248.322 4158.65
3372.5 603.523
2595.38 4380.09
4816.02 2447.04
4760.27 80.152
4498.39 4092.18
935.475 145.059
3406.69 1423.57
1921.64 5042.21
1913.26 1917.99
3584.12 2488.28
2525.92 2402.38
4020.11 1180.78
4248.37 4404.01
1160.67 1874.07
5195.14 261.177
3996.28 4024.77
4283.93 1706.79
1949.52 2091.29
2050.9 4838.35
980.857 1711.55
2754.62 1346.01
202.82 4235.41
3600.61 1187.73
4665.89 1596.78
5398.5 4527.72
3624.22 2820.26
819.96 4025.51
2367.45 4331.55
5347.61 2529.34
5326.37 1478.03
3067.9 4069.73
5369.09 3189.03
1497.02 1244.44
2565.16 323.327
4536.88 4429.13
4928.6 2802.58
4004.6 1971.56
3033.65 839.87
4771.74 2845.15
1361.95 613.251
427.518 91.413
4145.48 3106.96
3291.13 4212.22
1422.87 4661.78
416.341 4661.88
245.567 3925.24
303.747 816.257
192.62 847.196
2459.02 5500.35
2943.69 5313.45
3816.2 3755.57
2449.44 1962.63
4570.98 4032.55
2136.35 56.635
5687.26 4419.25
4489.45 4569.11
4020.89 5638.23
2925.1 519.421
2830.11 5184.89
218.217 713.836
3065.12 356.586
5164.62 4712.25
1070.84 3179.73
4878.03 370.886
1787.12 3299.22
1899.45 4853.72
3340.84 5789.63
3702.43 2011
1005.07 452.089
3824.65 4408.08
5804.75 3658.93
2929.17 4638.14
4725.22 5887.21
2317.59 4235.34
5558.26 2418.55
4857.45 1158.18
629.717 1937.1
1857.92 4660.27
3397.24 934.215
5436.35 503.608
2116.92 22.265
4490.66 4762.44
1927.37 495.7
43.9 1559.13
4543.23 5409.09
5804.48 1946.43
4416.98 3474.18
33.823 4165.09
5980.36 215.683
5668.34 3408.79
5603.12 4855.38
2.956 3991.97
3036.33 812.804
3236.83 991.135
3378.39 3366.36
4403.69 3537.96
12.592 2461.31
4267.55 5129.66
5724.75 3939.97
4647.41 1837.51
4117.67 1877.48
5851.79 3064.19
2109.95 3069.49
5397.89 2643.58
309.728 1992.83
1013.67 1715.46
4607.03 4383.19
2405.07 2860.89
806.487 6118.43
5676.95 2440.43
4957.07 1111.61
786.96 2197.03
6121.2 4112.29
1049.08 255.49
3978.49 5751.78
5399.7 1239.33
2909.24 4297.04
1601.78 2105.69
5096.1 4983.88
1266.06 3304.24
1696.77 258.31
4144.49 4640.64
2019.37 2330.3
5542.81 2222.02
377.41 6051.57
3615.46 3504.76
5817.19 2840.93
2576.27 4925.74
3842.23 2157.46
2203.81 5167.73
2397.52 1879.53
2073.48 4371.61
1370.04 2520.26
1474.4 3788.69
2369.31 5392.66
4268.8 795.001
984.966 4450.01
493.358 4525.85
4649.38 296.913
1624.56 4798.54
43.634 4533.04
3804.48 3135.26
352.52 637.49
6092.98 685.226
5786.1 4330.82
205.469 3157.37
681.214 1335.2
4695.2 4500.49
156.838 2249.76
4666 5980.55
4353.19 6460.61
1008.64 3015.86
2861.01 3609.36
297.705 2128.04
4805.42 2752.39
5847.77 1146.14
127.575 1588.54
3058.12 1409.31
3141.43 4254.75
245.901 3268.1
2984.36 271.561
3958.2 1109.16
2193.35 3847
1426.81 832.411
4020.44 3049.55
5017.64 256.416
4194.32 2597.76
1244.91 4387.78
4120.31 2561.29
2762.24 3541.55
6785.19 5887.61
3334.79 767.694
4005.71 4537.62
3310.18 2272.97
5089.68 441
2523.19 4832.21
2135.28 313.522
3144.97 4036.27
4901 5005.05
6353.82 1163.64
479.422 3689.29
5599.46 2028.33
1460.55 5431.13
1112 4317.08
6489.97 615.002
1314.23 3067.52
1410.48 101.816
464.225 5124.95
4160.84 6772.79
5436.8 2939.74
3569.55 379.794
4449.55 3226.45
5632.52 4680.72
3333.44 2374.11
323.806 5110.53
2660.31 6769.05
762.343 2081.71
5392.68 396.882
1819.35 6262.82
24.99 2763.26
2087.53 4371.96
2635.87 2031.3
5005.36 457.442
5058.15 1857.11
7015.25 2416.7
5924.95 251.175
3784.3 2948.52
2877.32 425.394
739.161 6870.87
6434.06 4427.58
4044.8 4333.88
75.913 5453.54
3700.66 4043.57
4672.35 1922.15
6652.98 4986.44
779.472 723.821
6349.63 1038.75
641.508 1148.63
2366.97 629.633
3157.01 7103.97
1389.08 3846.1
2752.25 147.622
6503.49 2416.4
7066.94 7172.89
2037.89 501.662
5182.17 4290.06
7336.85 4573.58
4660.4 7348.15
4290.89 1673.39
5996.63 6378.93
5084.35 4989.74
6996.33 7437.46
6884.41 3630.6
5713.94 2930.19
7118.55 4509.25
3453.34 1025.41
6812.23 2896.28
6131.93 6618.83
3551.82 1449.23
7289.64 1237.88
4965.11 6293.39
6794.47 2009.9
2507.43 965.175
1045.4 4070.83
1151.17 4396.04
1667.62 7337.18
3131.55 2752.44
217.39 7404.23
3145.71 4192.4
5790.72 3693.69
6347.84 4218.75
5008.66 1455.44
5527.65 7403.45
4410.52 5895.69
3659.3 1272.41
4612.48 476.241
3749.63 467.246
2907.52 2686.18
5428.9 6669.57
1722.38 6550.16
2992.43 472.692
355.198 7277.01
1660.02 156.229
7390.39 10.347
7322.45 3330.24
772.195 147.629
828.477 2458.66
6584.64 7020.43
5532.02 4385.31
3516.02 5790.26
7322.8 5835.74
4780.96 452.207
5084.7 5918.79
6944.22 5687.06
7659.28 5256.42
1681.48 4637.98
5257.56 5961.79
3840.16 2421.52
5148.15 3524.14
4886.67 6899.04
6632.59 776.695
4599.53 2397.2
7192.23 1332.29
4995.93 3780.16
5623.3 4501.22
4486.07 7903.93
6931.28 5293.11
645.431 2750.61
4036.88 5570.2
473.461 4549.02
1272.94 5053.37
6075.77 298.181
549.93 4224.07
8055.53 1786.29
3208.36 6712.25
7735.78 5154.63
367.693 7417.82
5639.59 163.453
605.765 7048.07
519.563 4317.84
6141.82 2763.77
3868.92 7449.49
868.816 1167.01
6381.9 4310.59
1576.8 1282.5
2373.9 4556.79
248.822 666.891
7391.56 2148.57
1192.59 5103.04
7240.88 8004.36
173.766 1579.15
6257.78 1154.79
1810.11 7877.39
260.453 6842.57
86.847 3535.06
7328.02 1883.13
202.256 2157.88
8233.91 3165.99
1096.15 6682.7
5261.39 1795.37
5136.28 1418.54
7566.05 7005.86
2402.04 3322.61
7424.64 265.366
48.802 2933.84
1999.63 3382.17
1067.25 7661.69
7590.67 799.17
7657.14 7187.52
1966.36 7550.01
3654.71 6112.11
11.386 1836.44
6650.11 4075.8
7335.8 4852.7
2543.8 5217.32
2706.43 1860.4
2289.71 2563.53
3592.34 5448.94
3661.72 5071.02
7715.66 1992.59
4584.27 2644.46
5278.08 7411.4
8246.51 3765.76
32.718 4477.96
8127.94 3564.39
2122.77 7367.46
7211.02 7734.29
4332.2 4300.5
5225.46 5556.82
3793.25 6279.7
2775.15 5616.82
4147.7 1019.04
6155.79 4717.92
8012.32 7349.37
3130.53 3671.42
3822.41 0.6
4816.29 732.005
8652.8 996.57
604.919 4610.51
4832.48 4433
3581.01 1370.33
4110.48 4040.53
8040.55 919.563
908.87 6389.33
693.322 5518.1
57.079 432.986
5576.49 921.364
7347.5 7591.31
6159.54 3774.43
5826.32 6897.65
6461.81 3561.25
5274.78 470.869
5788.41 6449.36
4672.5 1354.56
1476.89 716.704
3504.84 4939.7
1217.22 1564.97
1918.73 6855.6
349.825 4811.04
2976.53 2306.25
8304.15 6892.36
5123.47 981.415
7874.2 1860.32
7654.57 7193.87
2268.03 6161.62
156.164 2042.44
6839.61 7282.33
7673.59 8347.59
6504.2 8679.52
6761.52 2635.9
6487.24 5362.85
6623.37 3767.23
4752.69 5268.07
5104.74 8599.99
2099.97 9034.25
4086.62 6590.34
306.632 3663.95
1816.89 7020.25
5087.06 754.585
5259.4 4301.55
5598.67 3013.39
7944.56 790.164
189.418 6910.31
7400.75 8924.28
3719.23 9080.85
1238.37 1646.23
310.692 2608.78
2113.11 3618.97
5406.34 1877.09
4865.44 3509.72
4723.51 759.166
6737.37 3390.4
4922.82 8517.26
8994.8 1988.16
3815.4 1684.4
79.253 417.587
7169.19 8115.41
7610.25 7998.91
3542.16 295.281
5879.91 5170
5285.39 4642.65
9149.53 6860.22
8173.76 9372.99
3285.92 4291.55
4953.97 6842.4
5280.75 9092.69
5879.82 6072.54
3248.99 6894.92
1069.3 4497.73
7708.03 5269.74
4266.63 9039.7
7253.14 6317.1
4540.74 8393.76
4598.06 6334.94
3544.03 2592.97
147.377 5012.19
6940.94 7100.01
912.186 5743.28
2244.37 2501.67
8161.43 6413.97
8220.65 1129.14
5584.44 4474.49
9363.94 5298.57
1046.61 739.255
9151.08 2037.86
7474.59 3218.84
6495.44 8826.38
4233.42 1848.92
7489.7 8425.17
5069.22 4595.28
889.906 9028.55
6681.69 2964.78
7664 2338.86
2397.32 4894.03
4550.13 7691.71
3979.86 6369.72
1018.18 5720.7
5246.83 2290.76
1390.69 222.46
3215.32 2323.98
5146.45 1329.15
9248.61 219.298
3997.12 7583.43
4189.48 8897.76
4606.09 5444.62
7201.7 8137.29
1213.21 9650.16
7560.35 5158.78
6390.51 133.061
1457.96 3848.99
2947 6250.26
9007 4291.53
8608.36 4193.27
6420.97 8007.9
1408.81 4376.38
5446.54 7856.67
1658.51 211.345
4440.38 4065.94
7657.97 4162.76
2099.81 2760.5
9395.95 5009.08
9.96265 9.76475
24.8325 28.1346
57.4437 33.1799
14.7676 86.218
85.3888 57.6425
218.984 146.762
300.314 85.0413
294.753 35.5148
82.457 299.5
309.932 216.357
336.583 121.062
102.615 326.432
321.319 331.107
469.82 247.669
459.432 204.218
63.4444 445.375
489.336 523.047
583.177 65.6213
90.749 402.607
143.538 526.749
624.768 586.995
311.709 591.121
119.827 604.549
632.482 261.839
713.42 569.879
713.373 467.095
418.968 754.726
348.634 643.316
400.5 856.33
796.891 614.117
682.295 90.8114
697.636 774.491
706.49 176.925
833.821 870.479
791.118 192.085
925.971 191.215
846.66 1002.94
823.116 948.202
181.84 543.471
351.456 601.03
999.157 461.866
1049.52 254.763
220.068 1093.1
35.7311 1140.03
185.95 859.758
940.053 774.687
499.218 403.639
1186.18 349.09
365.478 1165.76
376.376 1102.45
1282.14 1338.52
1293.88 1077.02
882.703 1160.36
486.096 1380.58
1111.03 748.845
1046.95 738.402
1313.68 1028.05
591.094 528.895
154.779 1452.95
1508.47 281.817
697.056 1302.53
1061.19 1011.55
219.139 1254.04
1203.05 1195.96
1506.62 1270.43
1464.12 862.826
1681.84 466.106
1531.03 1759.21
1662.83 1026.44
1393.72 934.024
866.859 1498.51
1048.9 611.481
1309.7 1574.16
1244.26 1584.16
1680.21 1476.87
1726.42 430.89
1541.41 1728.38
501.686 1618.35
2194.09 664.565
1937.74 2078.18
1852.09 845.497
310.891 2208.07
251.281 2328.3
1787.48 1809.21
2163.34 1477.58
820.538 2103.34
801.412 2202.09
2266.77 380.206
2241.21 210.554
150.088 2491.81
78.4555 2414.21
2095.87 524.222
606.893 2081.9
342.446 2066.81
762.61 2082.52
49.1582 2777.38
2630.85 1979.38
720.456 2647.31
1789.56 1393.25
1663.13 939.715
2908.9 515.815
3105.35 2880.57
1075.93 2522.36
2929.49 877.341
2639.46 2122.13
909.713 2501.67
2838.46 1117.14
2031.5 2276.13
1469.23 2729.92
1135.91 2838.74
2691.11 3134.37
260.96 3234.06
3143.6 754.247
2091.73 2770.55
2373.15 2792.08
2835.26 3550.3
2993.44 2314.02
2240.65 2515.09
3042.73 823.51
1657.2 215.475
3344.91 769.889
1260.35 3208.01
1087.74 3149.96
1164.18 1872.57
3457.66 1474.36
3223.87 2317.06
3588.58 402.31
3067.01 348.433
2750.41 3857.48
3582.27 2471.42
3828.07 2160.05
4264.35 730.089
3823.01 23.1014
2080.43 3693.87
4036.28 1976.76
240.846 3683.24
117.167 3532.84
3727.18 3501.87
1415.98 3866.66
1358.98 4338.57
238.737 4159.64
62.3451 4049.12
4104.88 4029.89
2428.19 3358.19
4083.72 1172.6
3283.78 3437.68
4633.18 2623.66
1362.5 140.173
2591.34 4368.89
4414.78 3219.83
1212.49 4416.45
3138.48 4261.22
3723.17 2987.31
1199.53 5074.54
1028.4 4503.98
2582.11 4875.6
5220.49 2346.9
230.879 4998.06
4975.28 465.933
4125.7 4646.68
3688.9 5097.66
509.687 4257.2
4455 4091.78
1940.95 4885.11
4097.44 4306.53
4336.56 4339.99
3644.13 1271.62
5533.17 4446.27
1040.49 4077.04
2309.98 4285.61
5545.38 2411.52
5256.82 1791.09
5155.25 1404.51
5476.39 3010.96
4600.64 4410.47
2412.96 5396.96
5619.29 4484.59
4027.85 5717.15
2631.38 5132
1844.12 4675.07
3507.66 5802.91
3004.03 6255.81
6104.52 3810.42
4658.95 5956.42
5056.31 5875.21
4951.47 1133.36
5407.5 400.284
4600.24 5423.67
6076.88 282.157
5769.16 2928.89
915.217 5745.99
5121.48 980.468
5604.29 1061.64
5582.15 2034.29
4675.86 418.672
4721.06 6219.14
4143.28 6614.89
6953.68 5727.3
1145.66 4395.38
6554.38 766.609
3175.56 6768.5
7365.9 2138.23
6760.82 2564.28
596.343 6980.88
972.186 6647.05
6359.17 4670.85
6921.76 5122.54
6957.53 7150.33
4502.95 7601.33
6076.55 6608.34
7229.04 7634.15
6642.37 3778.58
6700.86 2974.21
5110.96 6631.76
1895.27 7567.91
327.342 7376.48
1907.41 6856.28
7694.49 5252.02
4560.64 8377.97
7588 2169.06
7186.41 8114.31
7561.56 8055.25
2001.04 8997.59
7628.62 750.022
7657.64 7191.61
8226.47 1107.88
6638.2 8239.43
4176.07 8951.71
1227
876 980
812 932
922 941
899 940
990 999
861 997
969 985
764 845
778 837
951 982
756 786
771 888
801 834
861 991
872 899
758 846
751 783
912 944
745 997
922 967
746 798
886 902
899 958
789 950
723 760
771 994
717 903
706 883
627 643
713 730
701 809
777 891
609 938
836 863
733 909
990 991
662 703
550 797
792 805
662 810
852 986
550 608
786 955
764 916
788 856
555 933
780 817
567 869
769 851
645 819
748 945
883 956
526 648
455 472
717 778
476 583
697 911
622 708
724 816
442 739
513 545
961 999
627 882
878 968
503 590
589 608
751 930
580 637
648 653
745 852
669 952
613 644
828 865
337 626
280 854
594 892
314 676
452 796
543 918
755 908
844 926
889 910
451 650
782 842
307 354
617 768
297 328
654 870
302 740
517 616
405 434
631 769
548 634
771 860
410 731
356 641
555 647
280 539
427 433
914 974
509 917
242 636
522 657
542 892
542 618
544 953
848 864
454 862
341 621
492 802
861 863
449 688
492 797
329 362
738 946
583 844
509 875
745 753
546 824
364 439
427 447
297 388
804 973
443 496
604 700
750 905
748 891
541 754
323 651
485 560
849 868
491 794
230 474
488 725
513 699
387 471
397 671
318 539
487 562
868 974
324 464
858 901
469 818
497 843
484 564
857 894
236 293
374 395
313 529
840 847
478 635
912 931
906 967
393 761
369 670
393 737
812 901
307 898
574 600
377 475
457 873
219 347
431 692
405 425
273 925
219 342
783 964
693 890
323 376
820 981
697 749
399 450
422 740
582 684
711 803
473 521
438 776
791 795
533 684
609 711
699 915
368 544
373 624
568 577
658 794
597 612
488 683
242 359
496 605
838 927
491 993
932 963
293 315
563 897
498 729
246 401
340 462
543 939
881 920
296 303
302 679
497 501
208 283
420 421
181 214
321 536
666 878
224 408
580 968
535 966
190 310
301 322
481 690
553 574
907 965
466 476
374 415
242 372
377 388
549 767
506 521
225 850
752 919
435 761
444 564
706 713
694 972
580 939
716 890
793 986
472 747
560 683
579 779
212 406
758 801
243 572
436 715
482 516
770 839
573 663
417 429
469 877
207 285
327 366
456 774
130 167
728 822
396 704
498 691
123 173
582 790
458 681
563 808
109 352
113 479
698 735
547 622
210 225
301 360
259 351
308 904
404 796
243 695
593 628
473 800
619 966
155 299
182 292
448 451
308 835
269 463
209 893
224 265
291 705
156 198
464 552
321 359
215 558
234 639
156 196
101 226
176 241
389 667
528 953
356 495
601 743
465 470
364 676
423 440
426 775
597 754
244 298
311 391
209 235
220 264
498 588
264 595
159 821
366 385
507 554
370 486
672 835
557 673
326 565
336 341
832 921
570 649
769 822
147 177
205 499
289 602
121 233
875 929
698 830
493 942
465 806
160 162
278 504
530 680
374 937
305 343
523 571
332 402
230 347
197 419
142 253
367 519
439 525
133 223
265 319
206 829
81 97
373 924
337 361
709 937
438 765
618 732
97 115
798 943
225 257
693 721
71 304
345 599
245 262
353 381
757 879
549 696
497 664
99 111
178 287
70 194
685 687
576 779
254 256
561 942
91 825
152 215
400 595
181 189
744 918
452 687
249 278
210 675
224 527
346 601
140 282
324 490
158 281
80 565
358 736
336 495
188 218
284 349
454 540
460 692
143 734
216 266
492 928
508 897
199 251
135 172
96 320
575 807
411 667
489 977
150 162
53 138
183 479
141 193
607 724
605 614
258 299
75 102
129 355
207 346
510 515
111 164
238 255
131 416
338 626
152 512
46 68
652 988
677 767
28 55
271 461
25 57
67 127
274 854
149 413
61 98
382 569
433 569
45 60
254 446
45 559
62 63
56 884
191 290
659 862
578 825
431 450
781 995
499 823
163 226
96 784
113 276
120 170
363 529
460 712
174 587
76 199
39 49
93 286
15 112
163 483
435 462
205 277
272 295
410 534
180 358
675 829
158 383
322 408
154 166
13 19
54 125
80 168
298 391
507 673
165 559
77 288
67 186
133 413
148 348
54 98
75 211
21 23
19 28
59 100
198 311
213 406
79 115
71 266
494 725
58 107
572 599
179 414
66 106
82 88
148 153
34 55
131 248
275 402
142 167
589 768
210 602
83 128
296 490
309 720
535 747
32 85
157 201
538 624
183 306
453 665
249 486
94 165
47 61
147 477
656 808
113 326
8 13
35 240
66 252
884 934
368 511
228 411
194 339
54 83
23 390
231 527
12 390
20 29
235 558
43 44
271 363
8 14
30 171
27 139
3 5
16 95
27 36
30 333
169 223
8 17
5 11
10 22
12 15
263 334
68 78
38 116
650 719
378 381
197 305
637 749
3 4
74 119
469 656
192 414
13 36
221 682
142 977
137 316
0 1
42 119
33 333
74 240
21 29
9 48
30 48
4 7
6 7
949 1227
982 1227
923 1227
935 1226
992 1226
907 1226
881 1225
959 1225
876 1225
872 1224
902 1224
847 1224
920 1223
846 1223
842 1223
985 1222
913 1222
831 1222
906 1221
936 1221
828 1221
984 1220
935 1220
828 1220
858 1219
971 1219
826 1219
931 1218
951 1218
804 1218
814 1217
948 1217
793 1217
916 1216
896 1216
778 1216
780 1215
815 1215
766 1215
831 1214
848 1214
764 1214
777 1213
943 1213
759 1213
930 1212
970 1212
755 1212
851 1211
910 1211
751 1211
886 1210
865 1210
750 1210
888 1209
756 1209
748 1209
981 1208
973 1208
746 1208
905 1207
955 1207
742 1207
852 1206
805 1206
733 1206
733 1205
871 1205
728 1205
882 1204
837 1204
727 1204
832 1203
817 1203
727 1203
741 1202
908 1202
723 1202
834 1201
826 1201
723 1201
946 1200
813 1200
714 1200
735 1199
799 1199
703 1199
947 1198
763 1198
702 1198
789 1197
792 1197
689 1197
707 1196
914 1196
669 1196
759 1195
952 1195
668 1195
790 1194
774 1194
657 1194
927 1193
700 1193
642 1193
674 1192
885 1192
634 1192
917 1191
900 1191
629 1191
975 1190
956 1190
627 1190
645 1189
752 1189
620 1189
987 1188
810 1188
607 1188
911 1187
983 1187
603 1187
816 1186
716 1186
598 1186
979 1185
629 1185
594 1185
867 1184
791 1184
591 1184
772 1183
668 1183
591 1183
631 1182
887 1182
589 1182
813 1181
989 1181
585 1181
849 1180
788 1180
585 1180
794 1179
596 1179
584 1179
646 1178
853 1178
577 1178
772 1177
633 1177
575 1177
960 1176
803 1176
573 1176
853 1175
653 1175
567 1175
666 1174
625 1174
553 1174
919 1173
708 1173
550 1173
979 1172
839 1172
548 1172
722 1171
838 1171
548 1171
642 1170
593 1170
547 1170
719 1169
592 1169
546 1169
702 1168
762 1168
545 1168
787 1167
960 1167
543 1167
879 1166
773 1166
541 1166
553 1165
866 1165
531 1165
880 1164
729 1164
531 1164
537 1163
584 1163
526 1163
866 1162
996 1162
523 1162
818 1161
811 1161
518 1161
856 1160
857 1160
517 1160
691 1159
640 1159
517 1159
582 1158
721 1158
509 1158
713 1157
954 1157
508 1157
547 1156
976 1156
506 1156
694 1155
646 1155
503 1155
655 1154
947 1154
500 1154
809 1153
827 1153
500 1153
660 1152
511 1152
494 1152
635 1151
677 1151
493 1151
763 1150
686 1150
487 1150
496 1149
710 1149
485 1149
546 1148
520 1148
478 1148
705 1147
489 1147
477 1147
673 1146
859 1146
473 1146
613 1145
475 1145
457 1145
870 1144
530 1144
455 1144
471 1143
841 1143
449 1143
534 1142
880 1142
447 1142
606 1141
610 1141
444 1141
540 1140
518 1140
444 1140
686 1139
993 1139
441 1139
988 1138
739 1138
441 1138
644 1137
467 1137
433 1137
678 1136
833 1136
432 1136
915 1135
484 1135
432 1135
619 1134
555 1134
424 1134
681 1133
926 1133
423 1133
874 1132
468 1132
415 1132
456 1131
654 1131
405 1131
586 1130
647 1130
404 1130
712 1129
528 1129
404 1129
478 1128
459 1128
397 1128
679 1127
579 1127
395 1127
426 1126
709 1126
384 1126
460 1125
978 1125
378 1125
757 1124
525 1124
375 1124
401 1123
532 1123
373 1123
670 1122
581 1122
371 1122
638 1121
396 1121
371 1121
597 1120
690 1120
367 1120
639 1119
995 1119
365 1119
556 1118
611 1118
357 1118
855 1117
957 1117
356 1117
510 1116
898 1116
353 1116
688 1115
671 1115
350 1115
855 1114
505 1114
338 1114
998 1113
502 1113
336 1113
357 1112
481 1112
331 1112
664 1111
678 1111
329 1111
449 1110
361 1110
328 1110
376 1109
369 1109
327 1109
466 1108
392 1108
323 1108
641 1107
420 1107
321 1107
428 1106
340 1106
318 1106
785 1105
332 1105
315 1105
313 1104
720 1104
307 1104
556 1103
428 1103
303 1103
315 1102
385 1102
300 1102
765 1101
344 1101
297 1101
726 1100
576 1100
296 1100
437 1099
417 1099
287 1099
474 1098
516 1098
284 1098
335 1097
470 1097
275 1097
570 1096
309 1096
274 1096
843 1095
718 1095
273 1095
294 1094
715 1094
259 1094
623 1093
672 1093
250 1093
400 1092
351 1092
250 1092
743 1091
330 1091
249 1091
615 1090
445 1090
245 1090
925 1089
317 1089
245 1089
334 1088
255 1088
243 1088
380 1087
370 1087
238 1087
630 1086
403 1086
236 1086
514 1085
294 1085
236 1085
360 1084
412 1084
232 1084
283 1083
463 1083
231 1083
262 1082
312 1082
228 1082
672 1081
279 1081
228 1081
270 1080
429 1080
227 1080
480 1079
536 1079
224 1079
737 1078
504 1078
222 1078
299 1077
343 1077
220 1077
446 1076
239 1076
213 1076
234 1075
407 1075
207 1075
256 1074
482 1074
205 1074
924 1073
895 1073
204 1073
212 1072
386 1072
204 1072
383 1071
325 1071
202 1071
247 1070
200 1070
196 1070
267 1069
394 1069
195 1069
218 1068
437 1068
191 1068
208 1067
239 1067
184 1067
407 1066
268 1066
179 1066
221 1065
195 1065
178 1065
823 1064
551 1064
176 1064
316 1063
237 1063
172 1063
379 1062
348 1062
161 1062
244 1061
187 1061
160 1061
180 1060
453 1060
159 1060
365 1059
253 1059
154 1059
289 1058
175 1058
153 1058
186 1057
251 1057
151 1057
267 1056
229 1056
150 1056
158 1055
962 1055
145 1055
512 1054
185 1054
145 1054
155 1053
214 1053
144 1053
391 1052
821 1052
141 1052
229 1051
260 1051
137 1051
182 1050
241 1050
135 1050
355 1049
306 1049
134 1049
379 1048
189 1048
134 1048
130 1047
272 1047
123 1047
416 1046
217 1046
120 1046
121 1045
281 1045
118 1045
276 1044
566 1044
117 1044
203 1043
261 1043
110 1043
479 1042
146 1042
110 1042
295 1041
632 1041
109 1041
149 1040
587 1040
108 1040
661 1039
409 1039
107 1039
114 1038
430 1038
106 1038
122 1037
483 1037
103 1037
193 1036
418 1036
103 1036
524 1035
352 1035
99 1035
784 1034
126 1034
99 1034
122 1033
233 1033
89 1033
784 1032
136 1032
87 1032
734 1031
101 1031
86 1031
136 1030
92 1030
84 1030
143 1029
282 1029
82 1029
190 1028
93 1028
80 1028
91 1027
661 1027
77 1027
168 1026
132 1026
77 1026
169 1025
79 1025
76 1025
88 1024
398 1024
75 1024
87 1023
81 1023
72 1023
90 1022
304 1022
70 1022
409 1021
104 1021
69 1021
102 1020
151 1020
64 1020
430 1019
90 1019
63 1019
105 1018
934 1018
62 1018
84 1017
65 1017
59 1017
120 1016
67 1016
58 1016
157 1015
884 1015
52 1015
60 1014
124 1014
51 1014
248 1013
73 1013
51 1013
42 1012
47 1012
41 1012
105 1011
43 1011
38 1011
45 1010
138 1010
37 1010
53 1009
49 1009
35 1009
44 1008
50 1008
34 1008
68 1007
32 1007
31 1007
31 1006
37 1006
26 1006
26 1005
57 1005
20 1005
17 1004
171 1004
12 1004
24 1003
40 1003
11 1003
95 1002
33 1002
10 1002
16 1001
18 1001
3 1001
6 1000
2 1000
1 1000
