2494
0 0.933
2.743 1.262
1.529 9.7
5.508 14.752
7.256 17.256
8.119 24.711
8.351 12.843
8.705 14.108
26.393 38.33
42.366 22.169
7.932 26.917
9.847 12.972
52.868 26.98
1.223 43.549
47.592 68.164
51.169 1.551
30.427 36.19
72.624 60.635
24.92 27.944
4.31 44.862
98.484 37.363
68.301 49.71
67.236 11.876
35.431 4.929
0.397 100.675
95.491 99.19
129.344 118.134
38.425 121.629
124.03 32.727
34.126 6.743
87.334 34.104
139.76 49.749
125.62 30.256
60.932 35.572
111.613 92.49
129.509 52.119
57.405 115.695
129.049 90.327
136.719 143.497
171.824 37.596
18.649 87.356
59.184 158.093
112.245 51.007
99.306 101.509
82.754 80.352
150.665 116.783
148.738 50.801
104.69 106.33
87.337 28.195
71.656 215.963
82.011 49.427
205.042 247.106
80.968 186.212
24.001 184.51
92.48 174.658
136.571 233.331
0.814 144.847
220.564 163.197
173.625 238.438
275.931 88.018
98.487 170.151
64.187 44.913
124.179 96.995
141.75 146.75
284.913 295.562
256.134 62.273
223.547 188.521
159.83 194.14
325.557 17.678
304.726 253.503
150.597 270.408
34.893 268.988
259.238 237.085
105.093 247.188
302.72 263.211
333.746 207.387
315.71 99.209
375.887 313.668
323.103 3.473
316.9 52.674
375.105 396.183
225.952 264.37
361.787 189.302
337.41 36.905
172.11 65.4
257.996 50.142
188.585 301.86
262.047 263.924
325.731 121.158
380.386 410.219
116.4 93.415
324.055 186.682
229.874 83.061
395.006 398.602
469.268 29.365
50.47 36.518
306.723 96.089
154.106 354.319
383.13 407.655
393.732 203.993
59.974 127.595
193.81 288.673
135.055 78.73
351.095 453.245
310.705 67.694
72.948 359.873
188.353 4.474
430.76 15.741
466.756 475.644
498.143 241.64
183.737 534.679
301.135 281.149
141.529 27.21
226.607 349.417
195.255 3.787
134.373 407.626
147.445 324.112
79.172 278.595
317.153 165.053
315.183 261.717
514.655 446.017
334.176 238.077
208.776 285.399
545.654 402.728
463.002 202.161
405.455 458.87
158.316 195.694
479.381 587.93
327.48 486.604
463.386 476.359
626.207 341.954
526.079 293.702
421.365 94.453
188.732 459.836
368.432 484.563
548.017 610.107
23.583 174.91
553.467 403.116
331.546 131.719
25.528 138.071
180.107 578.256
183.52 377.353
686.528 228.154
81.43 653.477
375.048 686.52
356.204 8.414
220.81 365.719
572.925 98.298
212.131 591.701
201.709 460.751
555.022 262.817
618.652 573.924
414.695 660.471
181.153 589.625
740.978 315.616
501.142 621.597
17.088 601.732
31.917 494.404
242.743 720.395
792.749 439.407
355.936 174.302
173.767 431.045
441.563 160.34
773.398 119.896
813.051 327.807
451.767 54.997
688.978 360.65
532.809 252.33
412.36 770.716
745.161 482.293
563.209 423.753
86.098 55.13
359.634 354.543
356.889 514.088
149.031 400.692
170.401 593.674
572.294 455.693
406.165 1.949
648.765 837.737
777.458 610.841
617.048 365.943
426.229 325.215
357.389 497.209
340.388 144.754
500.243 853.501
187.271 776.516
537.564 530.277
111.912 65.005
620.611 167.212
372.782 228.092
423.123 859.201
803.324 129.004
671.437 632.602
858.804 58.363
111.391 694.273
481.575 899.906
871.759 486.626
431.896 723.859
907.763 356.358
643.577 470.484
877.747 507.156
15.948 523.605
85.454 576.194
13.359 258.43
264.323 545.883
596.024 386.447
260.202 520.847
783.876 416.049
551.792 799.588
434.304 599.133
51.558 544.842
706.414 624.567
311.728 458.506
403.391 582
488.992 301.118
178.398 651.718
9.868 731.975
490.579 402.119
521.363 1054.6
1090.38 1077.92
631.466 643.84
329.232 836.43
1027.41 833.155
764.571 480.311
856.179 840.796
85.3 589.216
730.903 901.993
676.055 793.728
252.481 1115.9
161.029 1041.04
829.897 91.286
733.657 766.377
1070.68 229.554
846.506 870.757
506.529 369.58
199.641 593.866
824.852 1001.93
5.66 13.49
1082.62 314.732
336.606 563.114
301.185 256.647
136.227 114.435
510.058 1109.18
926.11 191.742
1049.37 1090.6
154.671 1223.87
104.605 840.48
742.671 311.979
488.717 285.481
913.68 473.791
491.775 833
595.046 521.832
238.468 494.858
215.226 268.178
328.666 389.468
981.254 253.703
363.463 310.922
152.511 485.893
583.648 255.957
728.831 817.919
11.512 1097.09
26.232 1132.22
180.223 1058.04
1023.61 117.452
668.522 521.728
766.976 650.152
21.517 661.423
56.402 1028.7
331.936 459.35
486.035 332.825
581.128 833.964
1198.43 1109.16
1154.78 303.404
154.164 1351.87
1307.26 543.624
805.821 1233.83
193.777 872.224
195.226 52.604
798.451 545.037
334.838 821.625
1321.38 190.419
968.575 758.688
809.897 606.82
332.078 402.966
458.797 87.055
491.674 328.228
360.402 902.676
159.279 900.382
334.976 711.261
86.327 26.491
363.282 1070.07
71.761 107.342
1148.7 1407.03
989.805 837.318
811.875 628.938
1132.32 260.757
1293.44 673.288
1459.77 1449.53
990.856 1179.87
528.064 17.57
1134.48 986.267
599.338 136.411
1493.21 113.746
1338.28 812.97
117.81 605.884
445.142 179.596
357.208 1087.07
1272.17 674.376
85.007 603.312
1093.95 451.717
538.357 956.218
939.854 1320.99
279.853 785.239
953.449 633.984
1442.71 103.974
968.821 889.636
1236.33 1095.79
126.493 917.267
1294.24 1177.53
561.954 444.139
848.983 64.283
386.684 634.015
456.596 176.088
1425.53 1116.65
1067.42 604.213
1027.89 602.625
253.885 901.397
1102.58 1175.71
1119.85 1469.84
310.513 1583.89
446.422 527.279
1450.58 691.94
910.866 875.546
67.8 37.163
651.922 116.278
623.045 902.236
328.757 1077.9
870.185 1402.27
716.817 1107.99
120.432 719.098
1123.13 1119.24
301.184 1151.19
652.635 1143.8
489.704 1621.85
1431.58 1201.19
307.095 20.292
126.778 467.337
338.287 1234.62
224.515 1290.89
199.057 1474.45
1130.55 1739.89
608.583 329.785
927.175 192.089
1357.81 457.353
1165.6 219.097
407.569 1090.27
235.168 797.238
1321.2 822.483
617.144 1218.59
82.1 459.942
397.353 1559.59
838.902 1289.19
529.145 1347.52
746.09 627.544
1309.67 1326.34
1580.76 232.697
1121.7 850.977
1597.12 674.083
1839.78 1144.35
1131.7 1017.79
405.68 385.459
1143.96 1294.53
1757.52 600.975
1185.3 1718.15
1608.92 225.608
1524.33 1693.85
1250.28 916.934
1181.47 1396.04
1324.64 368.304
312.643 1180.03
435.255 428.369
1296.26 349.323
1847.88 1844.18
1057.71 680.739
1649.36 456.123
1077.92 664.335
1311.1 1580.75
559.808 1681.27
1092.33 1199.48
49.12 335.906
132.214 101.68
969.07 1219.28
1475.76 757.375
401.271 825.614
1367.74 918.063
1308.33 282.043
1284.88 1211.72
824.057 1831.91
709.418 564.961
1263.47 53.811
644.766 14.823
1244.84 1935.07
842.51 589.802
802.322 192.145
1749.92 301.236
2015.83 624.347
1475.73 1607.28
1720.31 447.009
2034.61 1819.44
349.817 600.213
1898.15 1976.6
226.069 203.287
95.491 1476.55
890.055 482.205
1642.63 635.668
1532.63 155.252
539.811 355.25
1707.97 913.645
833.391 1003.09
375.774 1783.56
2032.02 175.958
75.353 127.816
478.174 69.783
1904.72 1598.41
1988.01 46.894
2033.26 474.263
1547.29 386.249
1964.89 1580.88
781.906 919.049
1837.02 883.449
172.853 542.564
1309.74 3.064
178.802 1464.07
1689.64 1546.71
1663.06 766.547
463.169 1020.98
781.152 1948.83
1663.4 999.348
896.089 486.265
1158.51 1348.3
1812 1570.47
1387.82 1883.88
1157.13 1452.98
1867.85 1127.1
145.717 1805.05
76.419 173.126
1625.73 1710.58
1934.54 1694.18
1778.57 1898.05
410.038 1088.91
1176.31 2118.29
1881.89 1941.22
1787.79 328.016
697.548 1307.76
201.517 2038.02
1870.94 1254.45
2232.1 558.386
1016.22 1296.81
2166.22 1680.69
447.424 1558.55
990.483 42.618
295.047 198.89
365.438 1053.56
1793.89 1789.54
331.077 400.917
738.232 450.615
1586.61 585.725
1394.38 1161.91
1489.17 26.306
505.653 2178.64
718.398 317.244
44.209 1068.9
1876.12 1546.58
2282.28 141.58
1801.37 1362.16
837.67 1032.4
1600.35 681.943
1323.27 124.838
384.173 1756.73
280.852 1028.03
1891.98 2087.86
782.298 753.201
1683.94 1476
822.311 948.884
231.873 1300.26
1918.32 590.143
2183.48 454.674
1240.44 2118.03
1549.41 442.571
1365.47 158.557
293.135 654.455
1547.29 2013.55
2458.7 1097.29
741.364 1880.68
1274.71 481.855
1991.07 211.273
1824.22 867.401
200.426 588.565
1432.29 1951.3
1620.72 1313.92
913.949 2299.21
291.453 440.523
2094.86 268.553
194.002 2305.16
2171.96 639.106
2371.29 269.357
2409 2369.88
2312.98 206.487
287.81 2305.44
2408.77 549.961
446.786 2350.7
1151.55 432.097
1155.88 720.241
678.918 1203.98
985.176 1996.02
410.633 2413.35
1788.19 1393.36
1463.17 2418.89
248.322 1568.65
777.501 603.523
2595.38 1780.09
2211.02 2447.04
2150.27 80.152
1883.39 1477.18
935.475 145.059
781.692 1423.57
1921.64 2412.21
1913.26 1917.99
944.116 2488.28
2525.92 2402.38
1370.11 1180.78
1593.37 1749.01
1160.67 1874.07
2530.14 261.177
1326.28 1354.77
1608.93 1706.79
1949.52 2091.29
2050.9 2153.35
980.857 1711.55
59.62 1346.01
202.82 1535.41
895.605 1187.73
1955.89 1596.78
2683.5 1812.72
904.215 100.255
819.96 1300.51
2367.45 1601.55
2612.61 2529.34
2586.37 1478.03
322.904 1324.73
2619.09 439.035
1497.02 1244.44
2565.16 323.327
1771.88 1664.13
2158.6 32.579
1229.6 1971.56
253.651 839.87
1986.74 60.153
1361.95 613.251
427.518 91.413
1345.48 306.961
486.13 1407.22
1422.87 1851.78
416.341 1846.88
245.567 1105.24
303.747 816.257
192.62 847.196
2459.02 2665.35
103.687 2473.45
971.201 910.569
2449.44 1962.63
1715.98 1177.55
2136.35 56.635
2822.26 1554.25
1619.45 1699.11
1145.89 2763.23
45.102 519.421
2830.11 2299.89
218.217 713.836
170.123 356.586
2264.62 1812.25
1070.84 274.727
1968.03 370.886
1787.12 384.225
1899.45 1933.72
415.838 2864.63
772.425 2011
1005.07 452.089
884.654 1468.08
2859.75 713.932
2929.17 1688.14
1770.22 2932.21
2317.59 1275.34
2593.26 2418.55
1887.45 1158.18
629.717 1937.1
1857.92 1680.27
412.236 934.215
2446.35 503.608
2116.92 22.265
1490.66 1762.44
1927.37 495.7
43.9 1559.13
1528.23 2394.09
2784.48 1946.43
1391.98 449.179
33.823 1135.09
2945.36 215.683
2628.34 368.788
2558.12 1810.38
2.956 941.966
3036.33 812.804
176.831 991.135
313.387 301.358
1333.69 467.963
12.592 2461.31
1187.55 2049.66
2639.75 854.973
1557.41 1837.51
1022.67 1877.48
2751.79 3064.19
2109.95 3069.49
2287.89 2643.58
309.728 1992.83
1013.67 1715.46
1482.04 1258.18
2405.07 2860.89
806.487 2983.43
2536.95 2440.43
1812.07 1111.61
786.96 2197.03
2966.2 957.293
1049.08 255.49
813.492 2586.78
2229.7 1239.33
2909.24 1122.04
1601.78 2105.69
1911.1 1798.88
1266.06 114.241
1696.77 258.31
944.492 1440.64
2019.37 2330.3
2332.81 2222.02
377.41 2836.57
395.456 284.758
2592.19 2840.93
2576.27 1695.74
607.232 2157.46
2203.81 1927.73
2397.52 1879.53
2073.48 1121.62
1370.04 2520.26
1474.4 528.693
2369.31 2127.66
998.801 795.001
984.966 1175.01
493.358 1245.85
1364.38 296.913
1624.56 1508.54
43.634 1238.04
504.478 3135.26
352.52 637.49
2782.98 685.226
2471.1 1015.82
205.469 3157.37
681.214 1335.2
1365.2 1170.49
156.838 2249.76
1326 2640.55
1008.19 3115.61
1008.64 3015.86
2861.01 254.357
297.705 2128.04
1440.42 2752.39
2477.77 1146.14
127.575 1588.54
3058.12 1409.31
3141.43 869.749
245.901 3268.1
2984.36 271.561
558.201 1109.16
2193.35 442.001
1426.81 832.411
605.442 3049.55
1597.64 256.416
769.32 2597.76
1244.91 957.781
685.305 2561.29
2762.24 101.551
3340.19 2442.61
3334.79 767.694
550.714 1082.62
3310.18 2272.97
1624.68 441
2523.19 1362.21
2135.28 313.522
3144.97 556.269
1416 1520.05
2863.82 1163.64
479.422 194.294
2099.46 2028.33
1460.55 1926.13
1112 807.078
2974.97 615.002
1314.23 3067.52
1410.48 101.816
464.225 1594.95
625.837 3237.79
1896.8 2939.74
24.554 379.794
899.549 3226.45
2077.53 1125.72
3333.44 2374.11
323.806 1545.53
2660.31 3199.05
762.343 2081.71
1812.68 396.882
1819.35 2677.82
24.99 2763.26
2087.53 776.958
2635.87 2031.3
1400.36 457.442
1448.15 1857.11
3400.25 2416.7
2304.95 251.175
159.298 2948.52
2877.32 425.394
739.161 3235.87
2794.06 787.583
399.8 688.884
75.913 1803.54
45.657 388.565
1012.35 1922.15
2987.98 1321.44
779.472 723.821
2674.63 1038.75
641.508 1148.63
2366.97 629.633
3157.01 3413.97
1389.08 151.096
2752.25 147.622
2798.49 2416.4
3356.94 3462.89
2037.89 501.662
1462.17 570.058
3611.85 848.578
930.4 3618.15
555.889 1673.39
2256.63 2638.93
1339.35 1244.74
3246.33 3687.46
3129.41 3630.6
1953.94 2930.19
3353.55 744.254
3453.34 1025.41
3037.23 2896.28
2351.93 2838.83
3551.82 1449.23
3499.64 1237.88
1170.11 2498.39
2994.47 2009.9
2507.43 965.175
1045.4 260.826
1151.17 581.038
1667.62 3517.18
3131.55 2752.44
217.39 3574.23
3145.71 357.404
1950.72 3693.69
2502.84 373.753
1158.66 1455.44
1672.65 3548.45
550.516 2035.69
3659.3 1272.41
742.48 476.241
3749.63 467.246
2907.52 2686.18
1543.9 2784.57
1722.38 2660.16
2992.43 472.692
355.198 3377.01
1660.02 156.229
3480.39 10.347
3407.45 3330.24
772.195 147.629
828.477 2458.66
2654.64 3090.43
1597.03 450.314
3516.02 1850.26
3377.8 1890.74
830.958 452.207
1129.7 1963.79
2984.22 1727.07
3694.28 1291.42
1681.48 667.982
1282.57 1986.79
3840.16 2421.52
1163.15 3524.14
896.666 2909.04
2637.59 776.695
599.527 2397.2
3187.23 1332.29
985.926 3780.16
1608.3 486.219
466.07 3883.93
2906.28 1268.11
645.431 2750.61
1.881 1535.2
473.461 509.018
1272.94 1008.37
2025.77 298.181
549.93 169.066
3995.53 1786.29
3208.36 2647.25
3665.78 1084.63
367.693 3342.82
1559.59 163.453
605.765 2963.07
519.563 227.842
2046.82 2763.77
3868.92 3349.49
868.816 1167.01
2271.9 200.588
1576.8 1282.5
2373.9 436.794
248.822 666.891
3261.56 2148.57
1192.59 968.044
3100.88 3864.36
173.766 1579.15
2107.78 1154.79
1810.11 3722.39
260.453 2682.57
86.847 3535.06
3158.01 1883.13
202.256 2157.88
4053.91 3165.99
1096.15 2497.7
1071.39 1795.37
941.281 1418.54
3366.05 2805.86
2402.04 3322.61
3214.64 265.366
48.802 2933.84
1999.63 3382.17
1067.25 3436.69
3360.67 799.17
3422.14 2952.52
1966.36 3310.01
3654.71 1867.11
11.386 1836.44
2395.11 4075.8
3075.8 592.697
2543.8 952.322
2706.43 1860.4
2289.71 2563.53
3592.34 1168.94
3661.72 786.017
3425.66 1992.59
289.272 2644.46
978.08 3111.4
3941.51 3765.76
32.718 167.957
3812.94 3564.39
2122.77 3047.46
2886.02 3409.29
2.196 4300.5
890.463 1221.83
3793.25 1939.7
2775.15 1271.82
4147.7 1019.04
1800.79 362.92
3652.32 2989.37
3130.53 3671.42
3822.41 0.6
441.289 732.005
4272.8 996.57
604.919 225.508
442.478 43.001
3581.01 1370.33
4110.48 4040.53
3635.55 919.563
908.87 1979.33
693.322 1103.1
57.079 432.986
1151.49 921.364
2917.5 3161.31
1724.54 3774.43
1386.32 2457.65
2016.81 3561.25
824.777 470.869
1333.41 1994.36
212.5 1354.56
1476.89 716.704
3504.84 469.696
1217.22 1564.97
1918.73 2375.61
349.825 326.038
2976.53 2306.25
3809.14 2397.36
623.466 981.415
3369.2 1860.32
3144.57 2683.87
2268.03 1646.62
156.164 2042.44
2314.61 2757.33
3143.59 3817.59
1969.2 4144.52
2221.52 2635.9
1942.24 817.85
2073.37 3767.23
197.686 713.067
544.743 4039.99
2099.97 4469.25
4086.62 2020.34
306.632 3663.95
1816.89 2440.25
502.062 754.585
669.397 4301.55
1003.67 3013.39
3344.56 790.164
189.418 2305.31
2790.75 4314.28
3719.23 4465.85
1238.37 1646.23
310.692 2608.78
2113.11 3618.97
771.344 1877.09
225.44 3509.72
78.513 759.166
2087.37 3390.4
267.819 3862.26
4334.8 1988.16
3815.4 1684.4
79.253 417.587
2494.19 3440.41
2930.25 3318.91
3542.16 295.281
1189.91 480.003
590.389 4642.65
4449.53 2160.22
3468.76 4667.99
3285.92 4291.55
238.969 2127.39
560.749 4372.69
1154.82 1347.54
3248.99 2164.92
1069.3 4497.73
2968.03 529.738
4266.63 4294.7
2503.14 1567.11
4540.74 3638.76
4598.06 1574.93
3544.03 2592.97
147.377 242.193
2165.93 2325.01
912.186 963.276
2244.37 2501.67
3371.43 1623.97
3425.65 1129.14
784.439 4474.49
4558.94 493.571
1046.61 739.255
4336.08 2037.86
2654.59 3218.84
1670.44 4001.38
4233.42 1848.92
2654.7 3590.17
229.224 4595.28
889.906 4183.55
1831.68 2964.78
2809 2338.86
2397.32 34.031
4550.13 2826.71
3979.86 1499.72
1018.18 845.705
366.829 2290.76
1390.69 222.46
3215.32 2323.98
251.449 1329.15
4348.61 219.298
3997.12 2678.43
4189.48 3987.76
4606.09 529.617
2281.7 3217.29
1213.21 4725.16
2630.35 228.776
1455.51 133.061
1457.96 3848.99
2947 1305.26
4057 4291.53
3653.36 4193.27
1460.97 3047.9
1408.81 4376.38
476.542 2886.67
1658.51 211.345
4440.38 4065.94
2672.97 4162.76
2099.81 2760.5
4400.95 14.082
2483.07 3359.98
2432.87 2167.48
3643.61 4452.9
2235.44 1201.2
1168.67 922.694
4672.62 4540.42
3488.29 1178.49
2893.41 1437.64
3457.87 766.373
1055.56 5025.83
2335.42 826.917
4873.65 677.86
860.253 590.562
1939.22 1251.92
4936.01 1391.79
450.137 2232.38
2228.91 4225.13
4972.11 433.236
2088.44 260.122
4209.35 1968.15
1099.81 3549.31
443.198 3614.35
682.021 3756.88
3447.03 2049.16
3123.29 2462.53
4670.58 3946.97
4689.1 3176.58
868.244 4259.74
3611.98 3021.7
1360.31 2173.98
953.025 604.306
1815.5 2650.43
3355.75 2515.38
4451.41 2617.85
985.687 3855.87
3017.77 2864.87
130.943 1392.18
4621.94 3226.31
620.385 2924.78
1507.5 3952.63
1637.71 2415.76
3516.55 1831.49
4619.95 4575.45
4066.57 1641.91
4026.61 3696.14
1204.96 4794.45
1413.56 4478.8
2666.23 56.916
4259.03 2936.71
4353.83 4456.53
4349.08 1241.17
1455.89 1128.07
2486.99 2391.49
895.997 1851.61
1478.85 1526.28
3896.88 4530.73
4874.85 5084.1
1862.81 1488.24
5253.48 2620.84
4150.19 2667.67
1462.65 2906.41
3813.05 2905.37
1875.14 3095.65
4537.77 1691.03
1831.91 5108.18
2689.78 4552.74
3381.5 1880.15
658.469 718.295
2554.82 1822.63
4635.46 4146.28
928.997 4380.25
2472.51 475.134
2939.5 5245.14
677.868 4855.28
4469.13 1875.12
3149.41 2091.14
771.225 1584.18
2396.05 3936.06
3765.89 2914.38
2514.95 3436.07
3150.93 1785.61
1884.54 2790.29
1502.38 1117.44
1487.37 1003.02
362.112 2359.61
142.691 150.285
4865 2538.65
5152.32 1653.07
425.194 3020.05
2430.71 2491.03
2677.39 4454.95
983.144 2330.96
95.936 5377.57
1393.42 1721.89
4228.19 5023.69
2008.3 1879.57
1852.85 616.255
538.628 3164.14
4252.47 2702.08
4604.76 1984.33
5272.82 2456.88
2507.62 3413.73
1507.67 2743.84
320.247 5066.86
4802.53 3289.9
5137.24 2139.1
1305.63 884.172
5523.26 973.001
3589.82 993.508
2584.31 2551.06
4567.85 4347.81
1999.82 4759.28
1848 3058.57
540.405 3843.83
3.223 4521.66
640.146 1648.36
4583.24 5069.77
2960.55 3590.34
169.854 4797.68
4517.73 4401.72
2839.7 3843.36
3990.67 442.588
173.084 4142.06
1009.26 2349.71
2899.59 967.444
995.288 4621.3
4388.78 4233.65
1938.45 1861.89
4702.98 898.009
4849.64 5337.8
3353.16 3504.8
1658.15 142.81
4414.93 4678.3
3766.12 4328.06
3720.54 1833.56
368.049 1457.78
3558.56 3752.3
4202.42 1438.21
5133.87 3485.34
4027.22 1301.87
3581.47 5543.23
380.784 3930.39
3874.96 5604.6
1923.78 233.114
3319.05 2563.33
1033.18 4216.92
731.007 907.204
508.443 3733.65
5719.73 2482.91
4726.61 2506.33
130.198 1655.12
5582.26 1311.7
5333.9 3475.44
4160.94 987.015
2773.28 2259.97
4897.87 2152.21
540.972 2614.88
3999.2 2574.58
3541.44 4070.42
2752.96 1147.02
4325.92 2231.05
4514.75 3068.32
970.687 574.336
3489.05 1654.39
2035.35 1556.99
2936.67 5288.96
3711.85 886.864
3432.66 5500.61
4026.1 944.895
5744.09 4050.43
3854.58 1340.56
4695.94 5252.49
2381.13 2875.6
4982.33 4049.42
4915.15 3978.87
3132.07 2247.26
4030.91 3848.95
3989.81 3326.54
2771.02 2836.9
5661.44 5636.03
4592.26 3014.58
304.51 664.234
4106.66 469.46
3573.14 56.62
4508.98 3256.93
4887.2 2245.31
4147.52 1618.56
4241.68 1932.73
5602.75 2406.51
2878.34 3793.44
2444.99 3257.03
2159.47 1404.69
684.397 3316.99
5918.75 1310.91
4202.59 1462.4
2454.32 371.294
2612.38 3175.24
5925.15 5580.31
2886.49 4331.52
4551.44 3125.63
5261.79 2543.32
3371.87 5559.18
3064.79 2195.36
1886.65 2552.75
425.066 961.532
1991.99 2455.7
1681.95 3452.72
4515.51 295.82
3664.79 1181.78
1206.29 1248.41
5391.69 3874.47
1231.41 3273.32
5564.53 2124.87
8.203 2064.76
3518.17 5068.89
1387.84 3029.91
2225.15 5686.47
6009.94 326.65
502.86 3471.37
2740.19 3145.2
1766.92 256.62
4208.5 1134.39
4295.83 5542.06
3054.48 1487.38
1550.17 1377.1
2683.14 5103.02
2853.39 3292.49
2914.92 3242.18
2857.1 2635.1
1070.36 3110.91
5087.47 2683.47
5070.97 5851.81
420.127 5437.43
1122.89 1584.52
3368.54 1910.33
3329.11 5419.97
2508.18 5645.41
2356.38 3495.52
728.985 1940.4
2192.74 3019.19
3512.12 3551.92
5287.69 4261.69
2986.38 5842.54
2804.42 3580.43
4780.5 2335.27
4978.07 4531.61
27.213 2020.92
3216.93 1257.78
5214.73 3202.01
5458.24 3136.28
3976.88 4040.81
4982.11 391.774
6167.87 5189.98
5743.71 1896.47
2275.36 1671.49
3230.63 3194.53
3001.9 4466.85
5089.87 5793.65
6064.97 4070.33
5718.98 5686.88
4972.88 6151.16
850.814 3213.95
5899.92 5058.44
277.443 1748.82
5003.83 2582.64
3733.69 104.527
228.591 437.094
1271.81 3104.83
6159.29 1755.41
1737.39 3004.04
401.38 3877.14
1433.2 3591.41
821.859 6251.5
162.576 5484.6
1868.09 2326.51
5882.88 1457.2
2390.94 3113.81
183.803 2836.02
4784.06 5506.68
2825.42 6318.31
3657.23 4128.09
3517.04 3660.08
5036.96 1560.64
2698.47 3564.36
4498.67 5147.75
4036.09 3821.4
5315.02 4220.63
2372.33 4451.75
2031.79 290.27
1618.88 4441.48
2404.82 4524.29
3422.28 4773.01
3939.77 4257.39
133.224 3319.89
72.853 2599
3462.84 878.34
3419.12 133.215
998.135 4398.38
186.085 5203.49
1302.13 5766.59
2660.58 2632.17
1148.89 4755.93
5328.45 5543.95
546.508 4970.39
4458.64 1176.27
1838.52 4890.12
4753.46 6377.04
3960.5 904.247
1590.72 4946.02
1924.71 5745.82
454.7 3673.13
3222.33 683.15
1207.54 5538.27
1968.47 3223.34
4134.48 4016.87
238.651 1453.8
6155.17 495.325
6389.87 5347.7
1426.58 4802.76
3402.15 5906.56
2687.82 3453.16
5052.27 4624.18
1160 5170.58
1045.17 3222.64
841.895 3518.23
1071.34 2509.17
4776.74 1288.53
6613.52 5055.85
5456.72 4033.79
2751.7 4824.12
6523.12 2074.58
2787.61 1170.33
371.745 3212.6
2360.95 6439.58
1119.79 4397.43
3527.83 196.68
5052.96 3046.09
1541.73 1236.69
6490.65 2002.48
5957.34 5700.67
5368.47 2075.16
1544.16 5972.75
1604.88 4039.39
1529.61 1139.85
6331.82 4108.93
1511.21 4308.56
5172.67 365.512
3025.9 5542.2
5352.84 3996.03
1347.21 4424.12
6357.26 4355.61
610.917 563.28
2054.4 1075.99
6104.17 996.931
6185.33 1386.94
2042.07 5884.7
2244.87 3707.12
6303.46 941.097
3771.49 5582.81
3962.7 2802.76
3536.55 3649.14
5226.48 4894.98
1525.96 5575.1
4429.17 741.357
5510.84 2045.84
5256.34 4031.11
1404.45 864.366
279.517 6434.68
2591.72 6437.73
5806.77 1390.41
4968.19 4887.59
4248.19 259.579
2224.83 5939.88
4520.53 6297.2
5117.88 6272.38
2541.74 1186.45
3915.25 2779.05
2025.79 289.279
6825.8 4051.86
6044.66 1909.47
6071.92 5712.95
1196.06 2391.72
321.941 3401.89
813.208 6095.09
2778.12 5683.72
3008.5 4909.5
3431.86 2364.2
6675.55 1067.01
1059.34 6182.95
4142.29 6629.12
2486.67 5096.1
962.815 3956.49
1376.62 4175.78
738.278 5461.05
4821.21 5338.11
6201.12 6706.02
4088.32 5634.23
4821.7 5634.41
3301.66 3253.19
443.103 1127.04
968.567 5469.25
2562.76 2237.94
5042.43 5059.69
1363.97 3028.84
3040.85 2869.28
2234.02 5517.31
1769.49 58.576
3789.4 4822.49
3047.15 4634.07
3062.08 2392.46
6021.09 3991.38
2465.63 3302.11
3824.04 1764.67
1066.01 2405.51
6584.87 1431
6262.3 3273.51
4528.85 413.543
931.374 4804.3
3071.39 7002.18
6581.43 2633.74
5488.62 1925.65
4054.84 3904.74
3055.75 1945.23
3217.01 2666.92
4502.67 4571.61
2882.09 204.663
6061.78 6611.7
2287.05 3608.37
4704.57 2127.16
4625.46 2005.99
4945.72 924.416
4666.27 4046.79
6391.44 1676.58
6697.73 5418.9
2022.34 6370.81
4551.56 183.307
3499.88 2594.45
4352.61 2850.12
2728.42 2069.18
4228.28 4199.02
4209.19 6853.71
5786.67 4031.31
217.448 2064.46
2260.2 4449.64
128.388 3126.37
3910.56 3414.71
1558.4 6210.59
6187.71 1166.61
5048.18 6592
3851.93 2362.92
667.692 3881.97
1186.3 1014.59
5344.02 3492.34
373.387 5869.62
6633.62 1675.07
953.56 402.757
4160.51 3351.06
3575.67 2344.78
56.708 6818.69
6031.36 524.807
3671.35 7046.29
36.816 481.595
3671.4 5067.38
3480.69 4078.51
7170.44 3143.47
3687.54 6139.16
2802.86 5245.62
1417.09 2329.73
384.737 1459.87
3133.45 6803
5120.35 4355.49
4083.49 1906.27
2274.3 6956.53
2462.81 2382.8
6321.55 3604.06
5198.61 1252.54
4219.98 1378.43
6840.81 3794.59
2309.43 3726.87
4093.18 2456.12
7080.95 5217.28
2037.37 2602.8
2043.85 4584.81
2566.83 3408.94
2981.94 2649.82
7380.87 5142.14
5155.37 4227.59
1740.97 5999.4
1884.2 6101.81
1989.04 5219.07
1602.65 6512.19
2101.95 1112.87
5154.25 5715.4
2227.33 579.976
644.519 295.35
1733.09 1815.74
7463.33 6861.67
1425.75 6911.87
667.486 4886.62
3122.96 5935.63
707.947 1134.3
1469.28 3354.82
5093.8 986.981
6748.08 4397.17
5450.94 4770.28
4194.35 3645.41
7013.44 5234.77
3000.93 674.188
4003.34 5852.07
4298.58 2431.72
2873.86 3281.49
355.312 6021.15
3311.08 4358.19
260.575 4141.51
5986.25 197.626
6400.96 1115.52
2793.54 7463.02
3296.76 1217.59
1375.64 6723.68
6672.19 5449.58
4201.98 335.947
3102.02 7495.47
1727.44 2366.97
7221.52 3329.88
4282.4 2182.34
1682.09 3080.38
6405.85 5383.82
4909.76 6461.6
6687.24 3175.28
6113.44 3527.8
2556.76 6460.27
3078.36 6439.5
416.766 4565.63
5602.35 1739.66
1612.4 4611.95
412.821 47.713
5562.13 5509.74
6902.74 527.445
3228.62 4711.47
3292.3 538.664
1317.88 1705.14
4919.28 1535.87
2247.91 2623.09
7534.84 7486.38
655.347 2929
5269.1 7478.23
1554.73 6277.42
7273.24 7301.8
5992.32 276.869
1343.44 2707.05
3306.51 7561.77
5031.65 7550.63
7365.74 5066.35
665.959 3072.81
4491.64 4849.91
2788.5 4311.46
4522.33 4761.08
467.15 2094.63
6792.86 7052.77
3625.55 6537.59
3799.65 4911.74
3043.84 1743.83
2783.21 7692.27
4005.63 372.954
6852.73 7761.56
7799.44 5418.04
6214.52 7138.35
3778.6 3075.8
6274.06 1791.09
4084 6035.9
7660.6 7563.59
5671.84 3778.17
957.371 6379.43
6060.95 144.934
2647.31 4593
7304.07 4172.96
3396.6 4055.43
60.277 3142.6
5469.53 4375.46
1923.3 971.345
1239.3 5269.6
3033.38 176.975
790.604 7062.11
3802.89 1440.7
7869.69 873.665
1191.61 1884.96
7204.08 4142.25
4876.35 4875.96
7404.18 921.147
6288.31 4768.13
6469.36 4182.68
4552.29 514.756
276.611 6278.59
4196.68 6693.46
6824.1 3972.49
4411.11 717.517
4718.25 3215.27
6968.73 5152.83
7797.38 7091.25
7257.88 605.497
4765.35 5637.53
4314.15 2078.16
3372.72 3866.48
7112.84 3913.16
4396.98 7365.3
4091.92 4882.17
3651.77 2990.47
5803.6 5978.08
3651.8 2785.57
4327.24 6143.9
5785.16 7738.69
7127.44 2543.64
1263.64 1791.2
2215.18 324.325
3007.33 5459.3
95.758 5558.41
4825.75 5280.37
2926.83 4146.85
4102.74 3470.06
3920.93 7119.21
2138.86 2236.24
4104.23 879.543
7403.98 3142.12
839.387 3771.56
326.443 4474.09
2098.12 4936.21
1104.27 5765.81
7502.68 3379.31
3875.51 86.679
2870.89 6830.47
1734.99 6550.96
6471.11 7615.84
1517.2 835.79
7259.32 6919.45
1864.93 7536.87
549.205 7480.46
3381.34 7019.57
3405.72 4639.87
507.224 8017.11
3401.57 2517.36
3579.86 7568.2
1808.82 3335.52
3069.33 1095.14
1288.41 7152.9
6280.68 4034.03
4777.62 78.499
4992.36 1537.95
3149.89 3868.42
6652.22 5378.9
6752.06 7107.6
814.05 4768.94
3505.61 7640.02
256.232 177.403
7283.62 3400.53
3132.95 7235.69
3700.89 2311.85
4293.85 4803.54
4805.61 1441.64
4805.91 4684.71
5553.02 8248.21
5772.02 1882.23
1597.21 5508.4
8217.04 2238.88
2842.3 7824.86
7955.74 3323.63
4935.08 5680.59
7832.64 8092.31
2184.66 1580.26
2408.82 7011.57
3815.43 1859.89
3949.76 4439.3
5928.13 5658.4
3803.1 3597.79
6656.93 862.869
7654.43 7631.4
6982.31 6905.21
1792.19 3944.06
4637.24 4334.35
4265.05 8369.87
5206.12 7679.82
1597.92 3555.88
2773.18 5036.28
6386.72 1561.8
744.268 3467.4
6637.48 3358.79
7311.36 3131.63
473.451 2244.03
3769.87 2882.78
3508.92 3365.83
676.312 901.525
5495.73 166.313
4580.38 3111.77
6854.26 1172.91
6201.59 5994.2
1616.95 957.262
1632.41 0.513
1092.04 5321.16
3812.03 2179.28
8043.37 6062.34
457.304 1471.49
8221.76 923.211
1614.09 5950.8
1211.09 2653.8
7343.22 3389.54
7985.25 8299.48
2582.07 7859.55
2432.09 2608.05
4771.29 7398.16
7818.05 1161.44
1126.48 166.791
2239.88 3730.13
1266.29 7540.86
1089.16 157.661
3248.32 8409.9
1731.36 2272.07
4647.69 7782.81
4926.16 1369.1
3053.41 4562.83
2675.05 1481.89
7853.35 2257.3
4027.24 4894.48
4495.71 1269.79
3979.08 5835.27
6015.28 5653.73
3387.76 2399.02
7228.24 1906.63
3925.52 5969.68
3908.38 6761.03
4629.28 5132.97
5065.44 5374.15
248.956 8064.76
3784.3 5621.82
4374.45 2207.22
2996.67 72.082
435.523 5113.61
1916.27 4419.39
3287.23 6140.71
7333.98 583.187
3165.81 6776.73
3900.78 8536.77
1757.19 8031.55
3375.24 4984.29
7485.03 8573.13
5039.93 2973.13
7559.85 6880.85
6534.13 7866.98
6850 4932.28
5796.78 3018.49
8365.92 6930.72
7839.85 1658.59
4558.11 4733.89
3125.53 761.093
7602.46 6214.44
8414.18 2625.45
5031.51 8737.83
1559 3929.32
6052.01 2528.38
8175.23 4998.17
1968.37 6414.98
6751.84 2738.65
6664.55 1635.63
6869.16 6270.62
8243.92 4266.86
7000.81 2622.49
8615.69 1351.1
815.625 6465.05
5608.71 5391.9
3614.81 8408.22
5610.95 6031.87
7790.11 7771.11
6507.73 6921.78
3001.47 222.552
8582.94 8477.1
1535.48 471.799
2552.27 3245.28
5001.39 2036.68
6683.22 515.081
5329.3 3220.55
3368.78 7006.58
8231.69 6874.74
2079.96 6041.76
5427.72 4866.75
4024.69 5056.06
496.05 3998.74
1428.86 1156.97
6374.86 1809.78
2884.61 7365.64
3567.41 698.074
8666.75 2120.38
1574.86 8328.92
7555.23 7424.93
4540.46 1325.8
6138.21 83.455
734.643 5596.14
3018.42 3434
672.607 5300.2
983.113 1934.56
7519.16 5371.39
2701.53 1237.44
4915.31 807.82
1323 1862.53
5844.1 7987.05
2802.45 5523.02
1687.34 4685.69
925.605 7689
3195.76 828.681
473.045 8769.83
1874.46 457.896
5148.92 5250.7
3880.26 6942.49
6782.33 3799.84
7878.44 2176.4
4874.94 6770.42
1783.37 9051.28
122.998 5686.51
183.558 2762.85
5380.24 4648.2
6659.28 8794.29
4283.75 4680.28
58.636 3872.99
6785.62 1755.2
2355.66 987.722
7731.31 6252.15
3406.75 8780.07
4129.31 7606.68
5613.7 2552.26
6764.74 8118.73
3993.14 3813.95
933.597 7211.75
4973.32 3780.9
6770.17 3802.11
1017.29 8881.7
786.946 4264.82
7043.67 1141.5
9143.26 661.684
7143.38 1363.46
76.214 1218.87
5170.15 1639.87
7673.28 7846.99
3866.48 3460.02
6340.4 8298.5
5447.53 1575.64
5573.21 820.269
2010.41 7867.12
4489.86 8985.61
6909.87 5638.45
8119.77 2612.06
4927.26 6106.07
333.972 468.569
5366.83 6992.24
8305.69 4206.99
2345.46 5733.73
5898.71 3136.96
2608.67 3137.1
558.844 6167.56
871.407 150.508
7633.59 8424.21
1217.92 7856.28
8897.45 6757.9
6454.48 8896.78
2237.72 8680.51
7278.01 748.802
9018.83 3535.76
8109.82 5327.96
785.224 2572.26
5764.24 1092.83
6673.66 2548.76
2489.16 4208.92
1687.86 854.815
7194.52 2009.28
8315.22 2978.99
7839.14 1405.43
2809.06 2343.43
4847.55 5117.28
1167.59 2238.06
4048.06 5500.83
5916.27 2539.01
8494.36 6143.84
7793.36 4055.27
3735.49 1448.86
9295.57 3431.25
7941.31 1793.84
9373.62 7847.65
4775.4 5272.3
8042.17 7739.2
3445.69 7205.46
7945.99 3651.18
5852.05 1162.88
6955.23 2032.3
5914.38 7038.95
7582.5 1009.62
8075.23 2226.83
1686.26 9049.9
2781.59 6325.49
5192.14 9162.7
259.014 3590.62
395.359 3054.87
4874.94 1150.84
1936.69 7026.81
3343.1 2714.75
2959.82 3201.65
1351.53 5271.82
6106.21 4169.32
9399.62 4075.71
3391.03 2510.3
4850.99 7110.59
5483.32 7147.8
7719.57 559.181
5930.27 7900.53
4385.57 970.693
3193.21 6070.69
8838.36 5701.82
985.045 6498.63
7484.45 5041.39
7985.55 7716.13
4703.04 118.314
4967.18 4674.22
4460.67 6521.52
5939.69 7041.91
9231.97 1622.16
603.65 3235.05
1570.97 4542.78
8102.02 1830.38
23.613 2886
741.981 6812.05
7066.44 7800.65
9091.28 3064.78
9466.59 1876.87
6307.22 3976.8
2762.48 7097.57
3234.16 4501.9
7206.14 903.516
5765.99 1445.06
2518.78 25.428
1057.34 6282.6
9423.6 6183.38
2706.58 6316.09
7379.54 5928.52
1987.86 1188.31
8320.44 9497.6
7357.16 251.477
701.117 6965.52
718.979 8495.38
8908.63 1050.19
2037.2 8188.64
2451.51 724.29
9625.76 7374.92
5063.07 4044.15
4559.21 8580.16
3417.84 5175.57
7474.96 456.493
6336.13 3555.26
7073.44 136.168
2944.26 148.016
8707 3687.98
5103.19 3377.66
7814.14 5563.93
9504.43 3433.94
4650.67 1182.97
7859.3 2368.48
6538.83 3495.61
1828.89 5069.23
6912 8215.71
4811.35 7933.85
5374.73 5331.96
5306.72 5660.8
4038.13 6310.68
6253.32 7305.95
1862.7 8934.16
7154.4 9046.31
9793.21 2732.91
7247.58 8390.97
1213.03 9141.18
8392.48 6447.99
8797.94 1745.37
7313.2 3699.37
3996.85 2848.11
3737.45 8479.92
145.99 1916.42
4983.53 4995.33
7277.96 5232.71
7422.78 4818.3
1144.55 1262.46
4102.95 3929.09
8213.59 1197.95
5342.5 5779.17
8640.32 4433
2592.09 8519.02
6765.11 4648.86
6860.69 6013.96
1491.95 3822.34
4435.71 7194.94
8057.29 8044.09
4180.65 5895.57
908.076 1621.74
8368.26 2305.76
3874.52 9395.68
4186.95 6532.89
2830.09 3426.34
4300.75 6394.01
1.62141 1.89289
5.78363 13.6054
8.64908 25.9578
28.2416 35.9084
51.0097 27.9015
34.2974 6.75139
2.79429 43.2051
67.9308 57.623
88.1707 33.4128
81.1549 48.2744
64.5944 44.8524
99.2743 100.99
134.445 113.795
55.1189 120.428
131.661 49.039
115.494 54.7936
123.752 95.4907
163.936 50.9505
64.4701 131.517
105.546 244.549
216.831 264.939
82.4192 178.243
229.428 177.912
153.579 246.862
254.743 72.2864
300.799 86.8856
299.654 290.033
331.687 35.7946
301.315 256.682
78.74 277.63
254.306 256.371
358.022 187.829
321.69 193.594
394.37 304.385
381.857 407.659
332.288 402.447
378.96 207.487
152.18 326.455
318.815 165.557
418.129 430.175
445.935 33.6212
334.553 461.132
45.0424 386.009
463.768 475.704
471.233 508.02
475.006 202.077
517.207 236.601
173.861 542.971
147.981 404.266
557.565 438.793
553.335 403.303
529.576 370.88
453.392 180.482
502.917 617.162
356.993 495.391
686.65 353.696
620.686 330.661
540.614 263.864
493.371 293.585
152.467 481.614
179.723 588.738
772.956 175.979
34.1475 646.026
93.3684 611.949
398.761 686.953
601.64 128.438
201.591 590.971
388.641 633.604
743.107 313.24
32.7011 512.949
251.797 669.434
766.021 480.375
824.293 456.309
801.844 124.852
464.949 71.7055
442.37 43.2797
436.229 731.87
679.529 805.714
649.46 886.513
760.287 630.376
779.585 607.063
485.908 899.009
498.792 836.359
202.722 718.044
590.782 529.508
597.6 149.523
701.407 620.649
891.824 101.58
118.208 718.534
943.541 403.911
328.063 826.678
1103.54 825.577
1017.59 843.706
859.884 858.784
732.041 906.148
291.026 1122.77
776.262 748.638
810.012 921.804
488.504 332.979
831.996 1004.32
1084.74 284.053
546.885 1098.38
443.841 1124.82
137.08 899.856
896.018 485.213
349.518 319.943
1124.47 1121.07
1135.54 261.195
133.086 1391.98
1300.87 492.88
1337.89 611.378
829.219 1288.07
199.056 853.659
1341.26 158.036
997.216 772.578
354.826 1081.23
1166.99 1391.08
1150.84 1449.79
963.352 878.233
1490.96 1505.98
1089.56 1192.73
1141.54 1006.21
1458.98 121.591
1149.85 438.08
981.547 1284.81
251.041 804.936
1412.74 105.348
1290.75 1209.12
359.867 628.984
1438.02 1131.33
973.238 585.677
1149.74 1552.86
329.066 1555.7
897.331 1443.38
707.552 1133.85
655.902 1192.74
1484.09 1248.6
1420.03 1167.05
313.596 1314.92
1075.69 1762.73
1315.14 879.932
68.81 433.643
445.894 1561
1152.02 920.763
1617.66 636.274
1865.42 1136.98
1811.63 1126.79
1155.23 1347.19
1149.69 1267.02
1680.46 653.823
1242.18 1674.1
1657.38 215.015
1589.86 1721.32
1241.09 954.046
1337.92 309.328
1792.68 1795.63
1903.67 1828.24
1077.62 670.396
1250.68 1597.73
902.664 1207.32
1273.56 107.401
1244.26 1963.56
1296.57 1860.37
1931.77 581.301
1464.29 1538.23
1787.99 388.344
2002.21 1866.9
1889.6 1943.35
1909.83 2074.45
1654.59 967.171
1823.45 871.998
1999.77 212.891
1871.57 1559.48
1895.96 1664.59
2114.27 28.566
1979.41 371.401
1556.73 436.235
1666.28 1507.86
744.287 1930.28
1618.41 1703.83
171.211 2028.58
217.347 2047
2184.57 454.813
2204.55 1635.32
439.598 1484.37
1370.5 1173.97
485.247 2099.71
468.409 2233.66
1867.42 1490.02
2284.84 192.158
239.515 1326.32
304.599 661.903
1458.21 1941.33
2451.54 1030.14
2088.15 263.864
2316.13 243.472
2419.83 368.953
2440.78 2392.84
346.039 2315.59
2427.08 506.085
2376.87 628.318
407.046 2379.6
986.327 1936.51
205.735 1552.77
2156.94 2338.7
2140.32 57.0599
1923.51 2378.73
1868.56 2458.24
841.251 2483.93
2543.35 2425.14
2550.08 320.291
2033.76 2106.24
2275.88 1651.39
2494.18 1586.37
2603.2 2549.41
2627.24 369.164
1541.04 1238.26
1444.25 1850.93
2425.83 2623.45
1048.74 259.269
450.553 2895.4
2977.85 713.103
2237.17 1234.46
122.402 1592.37
2715.38 2040.18
62.2009 1216.24
2886.78 213.386
2982.58 234.758
3124.29 775.183
2602.59 944.553
2112.3 3051.87
2382.95 2867.71
894.647 2940.09
2918.94 980.502
787.113 2579.84
2871.21 1165.4
2382.12 2160.02
2077.63 1124.47
1323.92 2637.4
605.637 3050.83
417.55 3048.86
218 3255.55
146.795 3117.4
978.937 3113.02
242.862 2122.08
332.451 3272.9
3140.5 328.001
2188.78 341.189
613.498 2633.93
2763.36 140.744
3363.73 2505.69
3356.18 2403.4
3222.55 704.104
3251.43 2165.1
3217.29 2312.09
1605.6 454.331
2798.8 1181.52
683.273 3269.54
1845.11 2971.91
2614.92 3185.65
1809.55 2660.61
3395.86 2401.07
2970.03 484.411
2957.22 1322.09
3340.39 3428.08
3362.71 3496.78
3636.77 789.191
3646.27 894.572
1069.49 3532.59
2249.02 2623.15
3138.93 3662.42
2980.4 3626.65
3431.5 1127.14
3035.26 2873.16
3508.37 1196.5
1101.91 2490.02
3044.63 1994.41
1662.13 3538.11
1666.39 3462.47
3122.7 2701.83
2030.7 3602.44
3649.65 1193.29
3568.28 411.047
3982.52 431.971
3452.14 123.651
3382.95 1876.16
3748.74 1432.32
3828.56 2398.47
524.211 3837.4
406.102 3884.9
636.508 2916.66
2027.73 291.285
3836.48 1751.05
3601.39 992.483
3910.2 3372.99
3134.85 3854.2
1750.06 3781.44
3146.49 1789
4053.85 3289.44
2456.71 3319.68
1959.59 3323.81
3429.76 805.763
2494.58 4194.18
2912.45 3323.06
24.5255 4505.35
3792.25 1873.65
4164.06 992.808
3731.18 95.5237
4378.57 963.863
4131.92 4016.46
4156.01 4182.53
2939.62 3201.02
3070.53 2225.72
3748.79 2308.37
32.0077 2031.12
1786.19 3968.17
2212.63 4416.52
431.613 3644.4
1726.58 2375.49
2864.45 4303.56
2233.76 3657.07
4469.32 1908.29
4242.72 1944.93
2507.94 3432.17
704.838 4785.42
1027.86 4615.06
1065.8 4432.65
4368.07 4423.12
3481.79 1660.8
894.589 4370.12
4560.44 508.919
1618.25 4007.84
2695.31 3562.93
330.718 4524.92
862.773 4253.22
4583.05 3010.82
4354.87 2846.13
4073.22 1626.79
3850.59 1415.93
4497.98 246.638
3946.4 2777.53
2372.98 3189.67
1188.89 4759.6
1516.71 3933.01
3988.41 4308.27
3770.9 4306.26
3652.03 4131.15
1450.06 4307.6
1381.63 4423.97
4877.94 787.726
4946.87 1516.65
4835.22 1391.29
4986 396.294
639.931 3838.92
4638.4 3184.26
3651.75 2999.64
4538.65 4543.09
4124.76 3618.03
1559.62 4508.71
4446.37 1217.94
1488.01 1109.27
4983.07 5024.03
5091.35 2667.3
3776.87 2900.27
2657.6 4594.34
4620.77 4322.77
4774.27 2481.31
167.7 5470.89
1321.46 1713.48
4194.48 4907.38
429.625 5093.29
5004.87 2077.21
4102.85 459.736
910.806 4768.68
4827.19 5343.91
4510.18 4765.08
4315.23 4709.36
3525.88 3661.74
3384.07 3872.12
3789.92 5610.31
4027.27 5569.13
5765.64 1414.91
4093.8 924.294
4554.9 3116.27
2945.32 5428.46
3350.72 5414.76
5763.46 4027.22
4027.86 3827.85
2469.59 3276.97
6124.43 1296.51
5856.09 1395.95
5908.6 5638.63
5382.57 3982.17
5507.53 2053.76
3396 4975.68
2282.94 5748.18
6067.62 480.823
5079.5 5797.5
2745.7 5633.92
5175.5 4261.11
5012.1 4618.07
5792.55 3036.6
5612.05 1837.04
3062.52 4536.09
6015.62 4004.17
6278.21 4040.33
5737.6 5946.42
5033.4 6268.61
772.501 6166.51
879.429 6372.9
4791.77 5619.76
5290.52 4044.7
4557.8 6368.62
1074.28 5429.2
6216.8 907.142
6408.19 5379.34
3263.77 6081.31
1175.49 5247.99
4649.53 1198.67
6828.67 5004.57
2824.1 4926.42
6013.83 5673.41
6409.41 4195.55
6389.53 1525.47
2108.1 5961.72
6411.48 1092.37
5082.06 5066.64
5420.06 4858.6
4877.99 4873.53
6684.61 4220.39
6841.52 3989.54
3910.11 6737.31
4814.74 5288.77
6332.64 6925.05
3991.38 5834.37
6376.76 3489.75
2904.28 6956.62
6734.61 2746.36
6350.75 1779.53
6692.61 5443.09
6661.36 1663.01
3846.84 7023.15
3470.35 7104.9
1967.74 7055.71
6812.17 3814.19
7018.85 5223.2
7387.86 5082.76
1381.4 6725.03
5287.8 5702.56
3984.52 5949.3
2887.18 7396.59
6737.82 570.546
7657.66 7564.83
7533.03 7438.94
5174.83 7581.74
5458.01 7148.89
3503.92 7632.62
4830.33 7530.42
6753.11 7074.05
6578.48 7778.34
8103.77 5322.04
8167.09 971.882
7758.32 1027.82
7126.8 3915.91
7281.89 856.104
4735.49 7343.52
4041.13 4904.6
5888.64 7902
7864.2 3436.86
1944.41 7849.3
694.155 8491.18
7855.58 8248.28
7729.39 7853.03
7791 7768.2
4543.17 8585.39
7027.94 1170.19
8487.15 6128.4
8388.76 8571.96
1148.9 7708.6
7891.39 2205.8
7188.68 2001.85
7477.06 466.553
7126.8 8924.63
6582.79 8066.11
8290.32 6857.7
8386.95 2315.72
8305.17 4232.74
7902.06 4009.12
7991.23 1851.63
1218.39 9126.84
9506.22 7402.76
9169.71 3393.64
9401.8 3492.79
4305.47 6449.71
2493
1957 1970
1911 1935
1844 1996
1713 1987
1850 1954
1840 1908
1748 1858
1860 1944
1754 1948
1831 1942
1598 1779
1754 1894
1834 1943
1860 1968
1919 1974
1889 1906
1367 1458
1635 1804
1764 1984
1764 1943
1350 1589
1713 1823
1678 1739
1788 1974
1659 1801
1860 1987
1643 1711
1346 1690
1631 1967
1845 1989
1962 1971
1474 1928
1753 1870
1713 1767
1698 1822
1668 1929
1752 1937
1604 1824
1765 1924
1740 1789
1862 1954
1919 1927
1333 1434
1812 1905
951 1025
1327 1648
1820 1888
1740 1944
1877 1973
1598 1744
1453 1814
1380 1693
1940 1952
1653 1975
1742 1971
1252 1262
1418 1778
1746 1988
1753 1846
1299 1362
1230 1743
1465 1726
1566 1918
1833 1931
1169 1328
1475 1502
1188 1212
1565 1797
1279 1531
1497 1643
1633 1675
1759 1763
1379 1660
1252 1317
1630 1758
1511 1592
1107 1865
1485 1797
1966 1997
1569 1609
1011 1017
1638 1730
1242 1384
1521 1654
1562 1705
1761 1989
1009 1417
1749 1871
1503 1988
1511 1854
1448 1812
1299 1312
1373 1609
1708 1871
1418 1654
1558 1675
1105 1340
1490 1546
969 1391
1341 1446
1430 1897
1940 1950
1302 1536
866 1122
1913 1981
1393 1400
1666 1992
1516 1562
1817 1859
1334 1349
1222 1396
1077 1478
1245 1470
1533 1841
1338 1785
1248 1336
894 1539
851 1016
1715 1963
1045 1318
1474 1529
1414 1760
1308 1318
1564 1925
1302 1964
1033 1098
1521 1550
1241 1578
1496 1633
980 999
968 1118
1742 1856
931 1819
1418 1469
1248 1955
1387 1692
1111 1305
1582 1828
1174 1829
1387 1673
1488 1780
1148 1876
1160 1509
1111 1625
847 1028
1462 1560
1138 1152
1588 1890
1299 1626
1480 1980
1408 1538
1333 1530
1225 1390
1063 1074
1005 1658
1092 1298
1155 1428
1140 1358
1365 1947
1464 1523
1064 1489
1268 1379
1103 1298
1538 1637
913 1735
1448 1527
1528 1684
939 1532
1353 1447
1050 1476
997 1555
626 645
1225 1466
1236 1851
1727 1809
1309 1355
922 1090
1111 1482
844 889
1305 1961
645 1178
1009 1322
1198 1256
1306 1527
1191 1667
1139 1170
1050 1221
1826 1962
1487 1488
996 1126
1604 1991
1393 1795
1211 1267
1739 1977
1206 1641
1566 1967
573 590
718 1294
1569 1993
1216 1405
1326 1897
1749 1881
1684 1960
1271 1680
1395 1426
1368 1936
506 642
1186 1194
1662 1995
1242 1499
1435 1915
1616 1873
1512 1930
1061 1376
1193 1887
635 1642
1010 1821
1192 1683
1658 1916
819 1481
812 1043
1430 1502
1440 1593
1107 1842
1179 1536
1627 1703
510 800
1924 1941
1062 1313
1022 1623
840 847
1117 1243
959 1517
1381 1874
1367 1592
1010 1945
1021 1218
1140 1167
1249 1777
1205 1481
660 1332
981 1059
1214 1462
1608 1687
1453 1511
1499 1910
1157 1479
719 909
1047 1933
676 801
708 1081
1611 1763
1729 1808
580 649
812 1471
935 1237
696 1539
765 1404
1087 1282
1001 1401
1303 1498
969 1145
802 1623
873 906
1565 1956
577 898
1214 1949
777 1060
740 986
1086 1264
923 1133
1472 1668
1562 1663
1386 1457
648 700
1320 1998
1599 1861
1428 1429
928 1382
1131 1695
768 831
444 1263
768 910
1662 1891
1767 1977
1076 1994
992 1060
1813 1968
1464 1685
580 1254
1504 1816
738 1794
851 1077
1148 1188
788 849
1131 1406
1185 1244
1572 1934
813 1144
1132 1424
1490 1630
1485 1980
1171 1728
1072 1466
573 1007
949 1126
766 833
1756 1876
872 1078
1487 1701
830 1003
1393 1793
1423 1899
865 1794
1752 1822
735 1159
880 1250
746 1324
914 1019
1237 1427
487 1029
1456 1618
548 694
931 1141
1582 1941
1615 1814
783 1398
952 1063
580 648
870 1221
717 1081
918 944
1457 1655
568 1294
1008 1787
528 1325
1320 1483
913 1482
455 474
1048 1437
575 1702
1536 1766
1148 1825
595 772
1419 1866
773 879
1436 1639
433 440
420 557
429 909
946 1075
429 1579
918 1832
718 1923
1397 1665
1572 1912
1364 1420
548 950
972 1933
898 1409
537 1620
1031 1203
516 1057
1430 1799
1053 1796
1268 1568
450 1874
834 1422
1302 1965
804 1783
1207 1416
630 715
863 1839
1037 1184
1089 1706
622 905
604 854
1248 1777
724 1613
538 1994
725 1277
1116 1284
1432 1682
941 1291
914 1471
727 1261
669 1323
1104 1596
547 593
676 733
1865 1887
1580 1901
1287 1443
1225 1681
1138 1955
603 1040
725 843
444 1978
1719 1959
832 1815
1324 1683
861 1044
759 1381
1524 1601
1370 1979
650 1938
980 1371
425 601
1059 1098
362 656
783 1688
447 637
1258 1902
1243 1283
673 1549
491 636
1389 1997
688 1047
1055 1670
453 513
533 986
1534 1803
1575 1586
419 1263
1069 1431
981 1157
692 712
469 647
782 1183
703 852
1034 1391
949 1439
667 835
267 610
976 1015
334 400
1257 1492
874 1628
517 1467
434 794
1240 1360
858 1234
1025 1431
669 670
1388 1934
937 1335
1273 1615
595 1238
375 406
1573 1792
589 728
1065 1090
1496 1744
570 649
455 594
1362 1661
311 839
1173 1174
814 1208
1813 1892
245 348
372 1096
714 1219
1097 1920
1412 1669
531 618
619 838
353 378
1522 1714
532 791
499 1224
1269 1525
1523 1653
520 543
840 1899
503 508
1155 1185
1622 1685
1024 1409
955 1620
1733 1953
680 736
1255 1398
568 615
434 1868
685 687
1514 1573
337 525
1407 1560
756 905
392 682
1247 1517
1371 1520
309 587
548 1718
555 616
392 1632
940 1732
844 930
382 448
553 596
302 468
1122 1513
915 1895
1463 1576
1100 1200
324 763
716 1807
364 749
387 1115
396 1209
848 1313
520 646
683 817
517 888
703 948
961 1416
539 1036
1347 1614
361 867
494 938
1645 1915
1167 1201
1389 1593
412 432
966 1187
757 879
343 747
652 1773
776 1484
526 1205
255 352
589 662
1171 1883
263 460
620 1219
388 1982
869 1798
504 1493
1147 1310
1173 1947
1534 1921
262 564
801 1247
1013 1938
1123 1413
1287 1290
1514 1548
1599 1737
142 1494
335 900
569 956
1330 1338
591 1269
657 977
245 1836
617 799
1116 1728
696 852
676 1223
514 882
1058 1200
227 1067
1168 1307
263 1712
1179 1259
923 1002
855 957
375 600
500 1091
802 1034
674 1375
1893 1936
864 1239
992 1215
419 563
397 1053
427 1164
1336 1743
849 1134
741 1872
1110 1119
362 561
813 902
1341 1701
221 286
1277 1815
401 1585
219 369
730 850
365 816
776 1228
1721 1791
384 407
1408 1717
216 266
1070 1297
586 715
587 1455
942 1512
530 749
495 1143
199 251
861 1827
435 1204
896 1274
485 1096
561 1699
701 722
1444 1577
444 730
1434 1758
517 603
591 970
450 616
577 1154
397 927
336 479
941 1637
668 1549
489 977
399 431
455 1013
404 639
441 1800
797 1020
677 1805
673 1102
178 270
607 1953
186 808
1356 1478
590 792
218 435
208 917
1446 1546
786 1853
1160 1524
354 1709
394 1366
601 1807
766 928
875 917
651 888
703 1507
255 762
667 921
376 1106
1260 1847
450 487
329 518
521 957
912 1783
1005 1042
1445 1839
1120 1189
1644 1928
704 1403
436 586
669 1229
663 761
1137 1476
982 1314
417 1868
278 519
792 1561
326 556
527 1127
1158 1463
1884 1914
349 540
324 385
1176 1421
286 597
1653 1703
1433 1648
858 1023
502 695
1032 1144
188 877
347 379
94 299
383 962
264 398
1000 1101
350 373
175 215
1079 1483
865 1998
273 892
708 752
686 809
302 415
199 264
1227 1510
1359 1976
704 1267
108 120
168 393
1581 1771
781 995
805 989
524 544
226 1689
777 1102
843 1923
1160 1732
499 823
175 304
1421 1983
236 483
819 998
173 239
543 854
1217 1548
219 340
492 674
229 612
185 356
231 259
795 891
1339 1671
827 1004
423 542
1474 1951
143 194
145 177
710 1261
359 1461
149 252
1282 1646
932 963
196 890
650 1352
1241 1286
290 355
769 1195
1026 1596
602 807
520 609
832 859
404 1220
835 943
243 524
585 643
441 562
197 729
675 829
144 288
827 1451
127 209
404 452
202 210
1062 1112
963 1601
619 732
137 205
346 359
208 270
125 134
298 391
1556 1750
766 1895
660 1097
349 1315
276 287
80 172
1279 1893
731 934
461 1652
577 971
953 1436
1072 1165
55 126
293 654
988 1990
260 471
652 744
1056 1873
219 244
267 471
711 830
1159 1331
1469 1738
141 174
859 925
1368 1530
780 1382
192 220
817 1038
392 893
218 691
529 1052
271 316
190 393
773 793
211 363
324 325
239 409
312 565
1064 1961
141 146
64 87
682 1366
598 1071
761 853
1709 1712
1196 1853
260 261
452 871
258 877
343 706
39 106
282 402
780 815
217 234
331 893
149 1266
209 213
1082 1343
353 605
863 1672
14 40
378 381
206 252
474 516
541 821
105 389
232 632
230 320
538 624
1073 1498
364 534
532 1585
51 58
133 161
488 1773
1091 1123
68 145
453 665
1253 1660
622 748
284 559
49 52
341 379
75 121
119 121
493 927
597 1204
172 897
690 753
1099 1429
1363 1595
313 1030
150 258
180 205
908 1542
365 684
365 374
384 693
41 862
107 177
415 816
419 478
425 743
163 784
837 1325
214 285
212 501
84 277
26 38
353 614
210 576
465 774
1052 1473
130 180
229 262
56 139
1889 1918
158 578
204 206
583 871
25 291
159 207
489 739
1014 1716
141 579
690 920
1137 1194
76 88
338 883
71 203
1215 1403
1356 1710
1226 1510
41 445
349 432
25 44
154 470
24 40
707 1920
640 839
282 294
1087 1837
17 44
456 1493
789 1234
813 1423
560 657
196 200
296 307
315 569
527 584
27 139
714 964
212 268
1152 1452
162 305
303 357
169 223
20 42
128 1848
15 22
153 235
196 413
788 1041
68 345
846 920
122 253
9 18
427 542
1636 1778
74 111
402 1012
113 146
93 370
173 182
1135 1468
290 462
36 291
79 104
32 112
97 579
15 23
138 183
176 319
101 122
66 411
93 98
45 241
68 78
86 101
225 308
55 954
157 1461
781 1131
424 557
151 1351
37 102
202 225
133 149
77 256
228 564
609 1068
1639 1904
74 119
1810 1830
65 85
342 736
88 138
348 484
605 721
254 464
136 862
193 320
789 1066
33 95
53 136
76 96
62 390
31 46
387 747
367 476
261 606
298 655
54 60
4 5
43 47
33 333
50 171
106 114
132 559
169 774
38 63
2 237
670 919
34 90
503 921
971 1872
63 1085
922 1555
3 4
28 32
442 770
355 449
67 126
48 289
6 11
6 7
872 1606
243 352
1997 2493
1999 2493
1917 2493
1903 2492
1957 2492
1880 2492
1926 2491
1880 2491
1862 2491
1882 2490
1946 2490
1858 2490
1892 2489
1972 2489
1831 2489
1922 2488
1881 2488
1811 2488
1886 2487
1878 2487
1762 2487
1986 2486
1850 2486
1762 2486
1788 2485
1995 2485
1753 2485
1973 2484
1779 2484
1748 2484
1840 2483
1826 2483
1745 2483
1817 2482
1969 2482
1742 2482
1907 2481
1950 2481
1737 2481
1888 2480
1869 2480
1725 2480
1891 2479
1811 2479
1719 2479
1804 2478
1857 2478
1711 2478
1939 2477
1772 2477
1704 2477
1911 2476
1877 2476
1698 2476
1835 2475
1833 2475
1692 2475
1844 2474
1948 2474
1678 2474
1914 2473
1769 2473
1674 2473
1769 2472
1838 2472
1666 2472
1856 2471
1704 2471
1666 2471
1806 2470
1942 2470
1638 2470
1740 2469
1843 2469
1634 2469
1886 2468
1664 2468
1627 2468
1801 2467
1908 2467
1610 2467
1782 2466
1720 2466
1605 2466
1905 2465
1707 2465
1604 2465
1861 2464
1931 2464
1588 2464
1975 2463
1603 2463
1586 2463
1890 2462
1708 2462
1584 2462
1984 2461
1700 2461
1584 2461
1757 2460
1863 2460
1565 2460
1631 2459
1745 2459
1564 2459
1770 2458
1649 2458
1558 2458
1715 2457
1707 2457
1551 2457
1640 2456
1651 2456
1550 2456
1849 2455
1906 2455
1545 2455
1551 2454
1679 2454
1545 2454
1547 2453
1790 2453
1543 2453
1674 2452
1570 2452
1543 2452
1673 2451
1776 2451
1537 2451
1521 2450
1786 2450
1516 2450
1569 2449
1726 2449
1508 2449
1985 2448
1965 2448
1492 2448
1497 2447
1518 2447
1490 2447
1913 2446
1552 2446
1485 2446
1597 2445
1506 2445
1480 2445
1594 2444
1810 2444
1477 2444
1634 2443
1898 2443
1472 2443
1636 2442
1885 2442
1460 2442
1619 2441
1809 2441
1460 2441
1820 2440
1760 2440
1454 2440
1845 2439
1519 2439
1433 2439
1568 2438
1785 2438
1432 2438
1528 2437
1759 2437
1419 2437
1929 2436
1629 2436
1418 2436
1960 2435
1951 2435
1415 2435
1508 2434
1722 2434
1396 2434
1566 2433
1770 2433
1395 2433
1883 2432
1616 2432
1394 2432
1559 2431
1727 2431
1389 2431
1603 2430
1594 2430
1378 2430
1590 2429
1503 2429
1378 2429
1658 2428
1587 2428
1370 2428
1504 2427
1781 2427
1361 2427
1808 2426
1402 2426
1361 2426
1387 2425
1515 2425
1357 2425
1372 2424
1780 2424
1355 2424
1414 2423
1682 2423
1354 2423
1350 2422
1590 2422
1344 2422
1380 2421
1723 2421
1339 2421
1385 2420
1681 2420
1329 2420
1597 2419
1746 2419
1327 2419
1721 2418
1958 2418
1326 2418
1696 2417
1580 2417
1322 2417
1910 2416
1736 2416
1319 2416
1648 2415
1526 2415
1317 2415
1353 2414
1357 2414
1316 2414
1400 2413
1696 2413
1312 2413
1917 2412
1373 2412
1306 2412
1348 2411
1365 2411
1286 2411
1397 2410
1600 2410
1278 2410
1765 2409
1572 2409
1272 2409
1854 2408
1383 2408
1272 2408
1527 2407
1374 2407
1260 2407
1768 2406
1607 2406
1259 2406
1344 2405
1644 2405
1258 2405
1441 2404
1410 2404
1258 2404
1930 2403
1717 2403
1256 2403
1420 2402
1533 2402
1253 2402
1852 2401
1747 2401
1249 2401
1916 2400
1321 2400
1245 2400
1470 2399
1486 2399
1241 2399
1802 2398
1384 2398
1236 2398
1665 2397
1257 2397
1231 2397
1316 2396
1459 2396
1217 2396
1372 2395
1851 2395
1216 2395
1291 2394
1741 2394
1214 2394
1340 2393
1364 2393
1212 2393
1328 2392
1348 2392
1210 2392
1259 2391
1671 2391
1197 2391
1275 2390
1369 2390
1193 2390
1447 2389
1354 2389
1193 2389
1774 2388
1411 2388
1190 2388
1827 2387
1285 2387
1176 2387
1571 2386
1441 2386
1169 2386
1949 2385
1235 2385
1167 2385
1802 2384
1614 2384
1165 2384
1691 2383
1199 2383
1161 2383
1168 2382
1621 2382
1153 2382
1369 2381
1932 2381
1151 2381
1396 2380
1875 2380
1142 2380
1358 2379
1731 2379
1142 2379
1576 2378
1602 2378
1136 2378
1360 2377
1281 2377
1136 2377
1656 2376
1818 2376
1132 2376
1554 2375
1556 2375
1132 2375
1278 2374
1394 2374
1129 2374
1650 2373
1417 2373
1125 2373
1520 2372
1182 2372
1121 2372
1155 2371
1775 2371
1105 2371
1303 2370
1734 2370
1103 2370
1656 2369
1605 2369
1094 2369
1612 2368
1540 2368
1093 2368
1232 2367
1273 2367
1092 2367
1244 2366
1149 2366
1086 2366
1110 2365
1677 2365
1069 2365
1329 2364
1574 2364
1065 2364
1687 2363
1078 2363
1061 2363
1264 2362
1230 2362
1058 2362
1402 2361
1979 2361
1056 2361
1083 2360
1082 2360
1051 2360
1721 2359
1304 2359
1050 2359
1289 2358
1921 2358
1046 2358
1618 2357
1505 2357
1044 2357
1119 2356
1424 2356
1042 2356
1567 2355
1606 2355
1028 2355
1691 2354
1037 2354
1026 2354
1113 2353
1450 2353
1022 2353
1346 2352
1251 2352
1017 2352
1326 2351
1657 2351
1014 2351
1646 2350
1541 2350
1014 2350
1128 2349
1799 2349
1011 2349
1046 2348
1349 2348
993 2348
1392 2347
1345 2347
993 2347
1158 2346
1280 2346
991 2346
1292 2345
1133 2345
991 2345
1670 2344
1292 2344
990 2344
1755 2343
1039 2343
988 2343
1301 2342
1045 2342
985 2342
1190 2341
1276 2341
984 2341
1376 2340
1359 2340
981 2340
1435 2339
1207 2339
980 2339
1170 2338
1583 2338
974 2338
1186 2337
1043 2337
974 2337
1098 2336
1437 2336
973 2336
1161 2335
1180 2335
973 2335
1832 2334
1027 2334
969 2334
1532 2333
1624 2333
968 2333
1320 2332
1283 2332
967 2332
1755 2331
1342 2331
965 2331
983 2330
1591 2330
961 2330
1027 2329
1070 2329
960 2329
1041 2328
1163 2328
958 2328
1119 2327
1049 2327
949 2327
1297 2326
1334 2326
947 2326
1301 2325
1125 2325
947 2325
1650 2324
1073 2324
939 2324
1101 2323
1079 2323
935 2323
1019 2322
1187 2322
932 2322
1099 2321
1074 2321
932 2321
1427 2320
1356 2320
926 2320
1617 2319
1198 2319
922 2319
1040 2318
1522 2318
916 2318
1310 2317
1021 2317
915 2317
1016 2316
1443 2316
913 2316
965 2315
1676 2315
907 2315
1213 2314
1246 2314
904 2314
1697 2313
1655 2313
899 2313
1175 2312
1202 2312
898 2312
1227 2311
1900 2311
886 2311
990 2310
1439 2310
880 2310
1983 2309
1314 2309
880 2309
1363 2308
1909 2308
876 2308
1183 2307
1265 2307
874 2307
876 2306
1153 2306
870 2306
1134 2305
1669 2305
868 2305
968 2304
1114 2304
866 2304
1510 2303
936 2303
865 2303
997 2302
1867 2302
851 2302
1295 2301
1008 2301
846 2301
1641 2300
848 2300
844 2300
1000 2299
1411 2299
841 2299
1456 2298
1177 2298
836 2298
1561 2297
1080 2297
834 2297
1676 2296
887 2296
831 2296
906 2295
1647 2295
828 2295
1177 2294
1445 2294
820 2294
881 2293
1108 2293
814 2293
933 2292
1412 2292
812 2292
1288 2291
1377 2291
810 2291
1544 2290
1038 2290
806 2290
1141 2289
1270 2289
804 2289
1147 2288
1113 2288
804 2288
1449 2287
899 2287
796 2287
1583 2286
1879 2286
793 2286
901 2285
1066 2285
788 2285
1335 2284
1296 2284
782 2284
1563 2283
1121 2283
775 2283
937 2282
894 2282
775 2282
856 2281
1208 2281
773 2281
926 2280
889 2280
768 2280
1484 2279
902 2279
765 2279
1501 2278
1206 2278
764 2278
1680 2277
771 2277
764 2277
1075 2276
1422 2276
760 2276
1413 2275
837 2275
759 2275
856 2274
1006 2274
758 2274
1035 2273
1404 2273
755 2273
1006 2272
959 2272
754 2272
1189 2271
1117 2271
751 2271
751 2270
873 2270
750 2270
855 2269
1542 2269
748 2269
845 2268
1020 2268
746 2268
1166 2267
881 2267
745 2267
1787 2266
857 2266
745 2266
1240 2265
1130 2265
742 2265
783 2264
742 2264
738 2264
1007 2263
989 2263
733 2263
948 2262
779 2262
726 2262
1386 2261
1724 2261
723 2261
778 2260
1031 2260
717 2260
1774 2259
1196 2259
714 2259
1112 2258
970 2258
708 2258
727 2257
1192 2257
707 2257
869 2256
1331 2256
698 2256
803 2255
787 2255
693 2255
1175 2254
978 2254
692 2254
826 2253
946 2253
692 2253
1751 2252
1311 2252
690 2252
712 2251
1724 2251
689 2251
1904 2250
1032 2250
689 2250
1425 2249
740 2249
688 2249
806 2248
1156 2248
687 2248
695 2247
1613 2247
681 2247
842 2246
767 2246
679 2246
815 2245
1332 2245
678 2245
1442 2244
943 2244
672 2244
710 2243
860 2243
669 2243
725 2242
1444 2242
664 2242
1293 2241
678 2241
664 2241
1088 2240
1896 2240
660 2240
1553 2239
683 2239
660 2239
1702 2238
668 2238
651 2238
1491 2237
711 2237
650 2237
1001 2236
653 2236
642 2236
805 2235
698 2235
635 2235
685 2234
1864 2234
633 2234
635 2233
1124 2233
631 2233
919 2232
798 2232
627 2232
756 2231
1172 2231
626 2231
752 2230
864 2230
621 2230
735 2229
853 2229
617 2229
1805 2228
1751 2228
611 2228
679 2227
1771 2227
607 2227
671 2226
1425 2226
607 2226
659 2225
1836 2225
606 2225
720 2224
1438 2224
604 2224
1150 2223
675 2223
602 2223
1003 2222
634 2222
592 2222
611 2221
1507 2221
589 2221
1088 2220
994 2220
585 2220
632 2219
762 2219
581 2219
622 2218
1706 2218
567 2218
600 2217
722 2217
562 2217
823 2216
1337 2216
551 2216
552 2215
608 2215
550 2215
1300 2214
1109 2214
547 2214
646 2213
950 2213
546 2213
1254 2212
903 2212
546 2212
700 2211
537 2211
536 2211
769 2210
552 2210
533 2210
593 2209
628 2209
529 2209
1864 2208
785 2208
528 2208
1203 2207
916 2207
526 2207
641 2206
896 2206
526 2206
554 2205
572 2205
522 2205
641 2204
955 2204
521 2204
829 2203
540 2203
518 2203
732 2202
1796 2202
514 2202
1084 2201
515 2201
510 2201
1945 2200
737 2200
509 2200
824 2199
598 2199
509 2199
1084 2198
976 2198
508 2198
1089 2197
1473 2197
506 2197
824 2196
1195 2196
505 2196
507 2195
724 2195
505 2195
1288 2194
1018 2194
502 2194
1821 2193
663 2193
492 2193
498 2192
701 2192
491 2192
661 2191
1181 2191
490 2191
892 2190
979 2190
484 2190
507 2189
822 2189
473 2189
523 2188
1057 2188
472 2188
1015 2187
1686 2187
469 2187
772 2186
1557 2186
469 2186
530 2185
666 2185
467 2185
1468 2184
1699 2184
459 2184
903 2183
1667 2183
458 2183
681 2182
486 2182
456 2182
623 2181
1442 2181
454 2181
1978 2180
904 2180
454 2180
535 2179
574 2179
446 2179
493 2178
1238 2178
436 2178
658 2177
482 2177
433 2177
787 2176
488 2176
426 2176
810 2175
582 2175
425 2175
572 2174
599 2174
424 2174
447 2173
596 2173
423 2173
440 2172
472 2172
423 2172
1377 2171
495 2171
420 2171
429 2170
496 2170
417 2170
1694 2169
437 2169
417 2169
536 2168
480 2168
410 2168
584 2167
451 2167
410 2167
1127 2166
1095 2166
408 2166
716 2165
583 2165
407 2165
697 2164
1054 2164
406 2164
601 2163
485 2163
405 2163
1612 2162
1800 2162
401 2162
795 2161
555 2161
401 2161
477 2160
638 2160
399 2160
541 2159
867 2159
391 2159
924 2158
895 2158
386 2158
512 2157
385 2157
383 2157
1127 2156
637 2156
382 2156
1495 2155
463 2155
382 2155
395 2154
560 2154
378 2154
827 2153
686 2153
376 2153
531 2152
535 2152
375 2152
639 2151
995 2151
374 2151
1540 2150
924 2150
373 2150
414 2149
794 2149
372 2149
1209 2148
1982 2148
371 2148
439 2147
945 2147
371 2147
571 2146
629 2146
368 2146
594 2145
443 2145
368 2145
466 2144
414 2144
367 2144
1004 2143
885 2143
366 2143
706 2142
459 2142
360 2142
934 2141
884 2141
359 2141
394 2140
1106 2140
357 2140
624 2139
838 2139
350 2139
979 2138
549 2138
347 2138
467 2137
1784 2137
344 2137
551 2136
625 2136
344 2136
358 2135
513 2135
342 2135
342 2134
1500 2134
338 2134
640 2133
588 2133
337 2133
360 2132
713 2132
329 2132
895 2131
1233 2131
328 2131
1030 2130
1162 2130
325 2130
1784 2129
1051 2129
323 2129
409 2128
661 2128
321 2128
749 2127
396 2127
318 2127
739 2126
705 2126
314 2126
556 2125
356 2125
312 2125
391 2124
457 2124
311 2124
938 2123
511 2123
309 2123
314 2122
987 2122
302 2122
1451 2121
369 2121
300 2121
327 2120
388 2120
298 2120
658 2119
1054 2119
297 2119
332 2118
315 2118
293 2118
328 2117
442 2117
292 2117
439 2116
377 2116
292 2116
336 2115
306 2115
290 2115
962 2114
654 2114
281 2114
477 2113
489 2113
280 2113
556 2112
566 2112
276 2112
545 2111
361 2111
275 2111
296 2110
558 2110
274 2110
614 2109
494 2109
274 2109
432 2108
1036 2108
273 2108
354 2107
295 2107
272 2107
327 2106
340 2106
271 2106
613 2105
897 2105
256 2105
413 2104
438 2104
249 2104
287 2103
317 2103
246 2103
449 2102
1399 2102
242 2102
691 2101
680 2101
242 2101
295 2100
581 2100
238 2100
475 2099
418 2099
236 2099
285 2098
269 2098
234 2098
483 2097
428 2097
233 2097
734 2096
481 2096
231 2096
336 2095
341 2095
228 2095
428 2094
1146 2094
226 2094
332 2093
233 2093
224 2093
293 2092
975 2092
222 2092
366 2091
702 2091
222 2091
565 2090
279 2090
221 2090
249 2089
1455 2089
198 2089
929 2088
339 2088
194 2088
1855 2087
544 2087
193 2087
398 2086
211 2086
192 2086
811 2085
301 2085
188 2085
1351 2084
251 2084
186 2084
578 2083
911 2083
185 2083
208 2082
250 2082
184 2082
310 2081
195 2081
184 2081
282 2080
519 2080
179 2080
265 2079
363 2079
179 2079
1689 2078
335 2078
178 2078
259 2077
227 2077
178 2077
197 2076
875 2076
168 2076
1535 2075
878 2075
165 2075
284 2074
422 2074
165 2074
230 2073
191 2073
163 2073
890 2072
790 2072
159 2072
278 2071
223 2071
159 2071
490 2070
825 2070
158 2070
201 2069
576 2069
157 2069
164 2068
247 2068
154 2068
213 2067
321 2067
152 2067
235 2066
497 2066
148 2066
334 2065
301 2065
147 2065
152 2064
729 2064
144 2064
304 2063
308 2063
143 2063
156 2062
266 2062
143 2062
403 2061
784 2061
142 2061
175 2060
153 2060
140 2060
346 2059
257 2059
133 2059
248 2058
214 2058
131 2058
150 2057
167 2057
131 2057
1494 2056
351 2056
130 2056
470 2055
166 2055
130 2055
134 2054
182 2054
128 2054
135 2053
155 2053
127 2053
305 2052
322 2052
124 2052
234 2051
416 2051
123 2051
170 2050
137 2050
123 2050
170 2049
319 2049
120 2049
161 2048
174 2048
115 2048
140 2047
430 2047
110 2047
167 2046
818 2046
109 2046
124 2045
699 2045
109 2045
330 2044
808 2044
108 2044
380 2043
129 2043
108 2043
709 2042
731 2042
105 2042
1848 2041
268 2041
103 2041
107 2040
878 2040
94 2040
125 2039
380 2039
93 2039
183 2038
118 2038
91 2038
97 2037
116 2037
86 2037
189 2036
99 2036
82 2036
464 2035
283 2035
80 2035
89 2034
98 2034
80 2034
181 2033
644 2033
77 2033
461 2032
91 2032
75 2032
160 2031
82 2031
75 2031
81 2030
87 2030
72 2030
73 2029
117 2029
71 2029
74 2028
240 2028
69 2028
79 2027
83 2027
68 2027
613 2026
111 2026
64 2026
104 2025
96 2025
59 2025
92 2024
65 2024
59 2024
70 2023
954 2023
58 2023
1652 2022
66 2022
57 2022
54 2021
445 2021
52 2021
81 2020
253 2020
51 2020
55 2019
73 2019
49 2019
421 2018
100 2018
41 2018
84 2017
46 2017
39 2017
90 2016
62 2016
37 2016
187 2015
42 2015
35 2015
31 2014
35 2014
28 2014
100 2013
36 2013
27 2013
390 2012
241 2012
26 2012
34 2011
43 2011
25 2011
333 2010
61 2010
21 2010
30 2009
50 2009
21 2009
48 2008
30 2008
20 2008
21 2007
17 2007
14 2007
19 2006
13 2006
10 2006
23 2005
29 2005
9 2005
95 2004
12 2004
9 2004
18 2003
16 2003
8 2003
18 2002
10 2002
5 2002
6 2001
237 2001
3 2001
2 2000
1 2000
0 2000
